scene_id,im_id,obj_id,score,R,t,time
2,0,2,0.0,0.9553463860669622 -0.2604913377066832 -0.13949030650399308 -0.2166382192271314 -0.2964245644721752 -0.9301614696102923 0.20095065214846297 0.9188453300513989 -0.3396205159348349,-35.10107536274341 -145.50732548949912 589.1792703919541,0.3254566192626953
2,2,2,0.0,0.9362307026418787 -0.07196993982922517 -0.3439366208935473 0.08643299472544858 0.9958948412844996 0.02688498699482568 0.34058979558037933 -0.054898022404264016 0.9386079044428596,-32.173664107867964 -64.35759827393207 542.4560752521302,0.33054208755493164
2,5,2,0.0,0.9232243275335961 0.3809937997827554 -0.050005655452534964 0.039466424749704326 -0.22346174620934478 -0.9739133684771694 -0.3822293060031058 0.8971669702503365 -0.2213417835028354,-26.367576917354103 -168.31385926585625 673.3726569303742,0.31935620307922363
2,15,2,0.0,0.07351988445131086 0.9948256991889686 0.07011886210889062 0.29602067835277784 0.045372001236759996 -0.9541033169900064 -0.9523479325214221 0.09090219874651634 -0.2911532340284437,-29.757349931717652 -173.08646399571737 690.628206305999,0.3196372985839844
2,19,2,0.0,-0.005154243970351802 0.9955570806189337 0.09401879066761265 0.2878368408958104 0.09151798201512396 -0.9532966023179772 -0.9576655923610362 0.022148548426155712 -0.2870297110237895,-35.07488842651979 -168.89137053512695 683.3464288892061,0.323087215423584
2,20,2,0.0,-0.020116605785197472 0.9953829491500239 0.0938515141757682 0.3008599115593203 0.09554630568719413 -0.9488699684814814 -0.9534561530496309 0.009148115157275039 -0.30139289341467257,-34.52447201285795 -167.63795449407377 680.167176411535,0.32781219482421875
2,21,2,0.0,-0.07509688919138524 0.991556950798095 0.10571315224588401 0.2931933339221155 0.12328238845284567 -0.9480712640097247 -0.9530992215805298 -0.040202811112488135 -0.2999760120430329,-37.05822785579164 -169.53110379843696 689.5814982138481,0.32131171226501465
2,22,2,0.0,-0.13312098551945573 0.984828340076954 0.11131910795366956 0.29990009693390346 0.14707985837995152 -0.9425642933603886 -0.9446368270787269 -0.09209047638168316 -0.31492953034993465,-39.31912043644367 -173.17465637852132 704.7864795536264,0.3272085189819336
2,25,2,0.0,-0.41223635025669764 0.9036946965794805 0.11574578567342181 0.26572918465457035 0.2407797184584486 -0.9334951138607461 -0.8714638213660131 -0.35406358546621336 -0.33939620725187086,-44.45772745579731 -179.63938175029426 729.7675985088507,0.32711100578308105
2,26,2,0.0,-0.5077676679809664 0.8540369175358321 0.11310587446753334 0.24746704317897683 0.2703524987388911 -0.9304136655089994 -0.8251860747088655 -0.44444400087247443 -0.3486222485657541,-47.36132940169653 -178.68609762733635 727.6294212978564,0.325380802154541
2,29,2,0.0,-0.7452153163343747 0.6509154600441337 0.1447867265193587 0.10420782803154904 0.3281412237753283 -0.9388631773779268 -0.6586310506479367 -0.6845673094260076 -0.31236635220143616,-48.68041528593616 -172.95427304451758 711.5836228179286,0.32203006744384766
2,30,2,0.0,-0.8084391172156905 0.5732174729467074 0.13359611694995377 0.08964151036581647 0.3442452300808363 -0.9345906168937963 -0.5817134976729096 -0.7435838555772862 -0.32968538995528307,-50.28659766707412 -171.03217039299795 701.8494561289369,0.31753969192504883
2,33,2,0.0,-0.9418119816308499 0.3100327911539763 0.12988402390535464 -0.0014629328459818958 0.3826142250012855 -0.9239070378853889 -0.3361369528690054 -0.870336729798266 -0.35989710429510247,-52.63333967516909 -164.72995071679517 679.5726924063042,0.32099175453186035
2,47,2,0.0,-0.4123765390772662 -0.9109953804866233 -0.00574515018849453 -0.5307105701444175 0.2453507740170947 -0.8112640066132603 0.740467339425341 -0.33149723139303144 -0.5846517808260843,-61.82047159971658 -194.88735295857637 769.759148473203,0.3202242851257324
2,49,2,0.0,-0.2521012435091088 -0.9663855987746216 -0.050436469961497365 -0.5275170403943136 0.18093466882297748 -0.8300532619727143 0.811277224575413 -0.1826513621600876 -0.5553987259494564,-55.543170212816094 -184.84695420532867 731.1803018136881,0.3248589038848877
2,53,2,0.0,-0.09327346049769447 -0.9930338125309218 -0.0719993662269825 -0.5588834526565684 0.11206714391261219 -0.8216387537123254 0.8239838274586817 -0.03639783545174091 -0.5654430560728194,-53.7233253676638 -181.18886228935696 716.9626675506585,0.3256714344024658
2,56,2,0.0,-0.020427357233238186 -0.9971212886972406 -0.07301957753383348 -0.5755544284332935 0.07144713479203302 -0.8146363647915758 0.8175083014791288 0.02538587317314228 -0.5753570495404979,-52.673456135272744 -181.22482736771042 712.3960448360713,0.3202047348022461
2,58,2,0.0,0.18634444241558923 -0.977276978850488 -0.10102205397677289 -0.42989984753284 0.011351735672412322 -0.902805216637822 0.8834375302600994 0.2116621003063291 -0.4180158913508544,-49.49379642685429 -183.06706739452733 735.0029569682166,0.3244893550872803
2,59,2,0.0,0.13562990599077385 -0.9841120291746017 -0.11457767075124825 -0.5775252002647633 0.01543694958574382 -0.8162268947092053 0.8050274353461991 0.17687626924303562 -0.5662557847109257,-53.621543701381846 -190.14879645536087 747.111311687435,0.3227076530456543
2,65,2,0.0,0.7606019178594206 -0.6293082032812289 -0.15954907656117262 -0.3291110167879185 -0.16191259106543684 -0.9303065363004277 0.5596165304718883 0.7601022945218809 -0.3302632899448226,-34.06249269375724 -175.5953346805122 709.5598546909165,0.32548069953918457
2,72,2,0.0,0.9937225080784764 -0.026081592624589554 -0.10879029122301062 -0.110666739595387 -0.3715939811201265 -0.9217758870477258 -0.016384434245628014 0.9280289131926117 -0.3721476677247765,10.591572121010067 -140.16943301824483 635.9255646507722,0.32376527786254883
2,75,2,0.0,0.9567194584059657 0.26526313716205263 -0.11968018202836042 -0.00615036397199098 -0.39273287755061914 -0.9196320241889265 -0.29094681804482325 0.8805659287945203 -0.37410372106654605,15.292279067268355 -143.1030670221922 643.3732811328624,0.3191540241241455
2,87,2,0.0,0.1757692842160833 0.9830358613430515 0.052398988918586686 0.39886727600422167 -0.0224536010361317 -0.9167337301165929 -0.9000055860155189 0.1820338735346657 -0.39604748961056124,10.669849711064762 -138.81143348001387 645.3660026286221,0.321000337600708
2,91,2,0.0,-0.09780835839968649 0.9911968153916784 0.08923227098171271 0.4210528157082823 0.12245637596681336 -0.8987318634438204 -0.9017472214602527 -0.05033198925603666 -0.42932346715063735,5.558266723463641 -134.77844817913694 632.7025588792294,0.32486677169799805
2,97,2,0.0,-0.5826908093740728 0.8027891458174706 0.12649509092705535 0.2960903024201088 0.3546567204262552 -0.8868760586853505 -0.7568368076961879 -0.4793205587226034 -0.44435329243980476,-3.925801621760027 -132.6945181524747 626.8667239813567,0.32617688179016113
2,102,2,0.0,-0.8652917957713548 0.4835368629042287 0.13214465703735845 0.14109331921431278 0.48790259395659596 -0.8614196039582065 -0.48100185388818617 -0.7267345877438078 -0.4904019326358387,-11.166080457482543 -133.97481126989712 631.0238519095873,0.321427583694458
2,105,2,0.0,-0.9654480629309771 0.22671336614474263 0.12849547616217427 0.01538607394988896 0.5418144089659571 -0.8403573138643339 -0.2601409358621449 -0.8093442999417428 -0.5265819002212071,-14.337874811842358 -136.87924661082903 640.2500701582065,0.32229185104370117
2,106,2,0.0,-0.9815220092021221 0.16289032225212807 0.1004056192074286 0.004475752080705983 0.544124501533054 -0.838992547329663 -0.19129692390402245 -0.8230402601015351 -0.5347992306995736,-14.311979558834434 -134.67520210875273 632.6716295571399,0.32245898246765137
2,108,2,0.0,-0.9947393393843054 -0.03336459366293053 0.09685272619282975 -0.09971416810818827 0.531972203230776 -0.8408701800327356 -0.023467666261639285 -0.8461042364150535 -0.5325006007139628,-13.817400698347466 -134.57056518353338 626.4414523409201,0.31722140312194824
2,111,2,0.0,-0.9566290381673179 -0.2739544849777822 0.09904455308410509 -0.23683407327874587 0.5334373362235906 -0.8120062992716724 0.16961870495104492 -0.800245930001045 -0.5751834024443792,-15.656206992600486 -139.6877465359979 643.4125875369677,0.3251190185546875
2,113,2,0.0,-0.8996107700995809 -0.4254353476921974 0.09851511180960028 -0.32733135124336943 0.5076111926304271 -0.7969849833023858 0.28905821007891963 -0.749223359252989 -0.5959108231402057,-15.79560229913753 -142.80345806719873 652.2257832258321,0.31871962547302246
2,116,2,0.0,-0.7466450565368843 -0.6631504024791864 0.05246621046660338 -0.4482382941777364 0.4432578635638438 -0.7762763026277761 0.49153188216194676 -0.6031202285452799 -0.628205697791594,-16.6291406541753 -147.86132777680962 667.6065481435613,0.3209996223449707
2,117,2,0.0,-0.694916490973664 -0.7181602243957866 0.03656450011476908 -0.47303445528928284 0.41824341047323743 -0.7754423600145187 0.541598998043775 -0.5561639521683407 -0.63035877373641,-16.49855119243619 -147.65712638566404 665.178434116291,0.3237345218658447
2,138,2,0.0,0.853218698844137 -0.4936391507979216 -0.16833965885145558 -0.36970440539864186 -0.34477119076994855 -0.8628160166825303 0.36788110113398637 0.7984066725764374 -0.47666579551491534,3.5572146025284983 -147.151516220515 654.963947011556,0.3200342655181885
2,145,2,0.0,0.9862593121309897 0.07404359970971154 -0.14768247890977282 -0.09620545830951131 -0.4693058617759275 -0.8777793104728608 -0.1343021929320753 0.8799258795175775 -0.45573387796920867,12.844651172242454 -109.72241839443389 650.8416982617283,0.3163936138153076
2,150,2,0.0,0.8600423671788071 0.5055715820109101 -0.06873501378816671 0.16905645942730796 -0.40947348461935407 -0.8965218228908801 -0.4814011219174472 0.7594266527168171 -0.43763468665081146,15.90848408162845 -107.30830521406634 661.1239395906077,0.321516752243042
2,152,2,0.0,0.7477513917934923 0.6612095577591977 -0.06057868270919814 0.24806607531515218 -0.3628280976595287 -0.898231035884702 -0.6158985942090083 0.6566259911674636 -0.4353288749608893,15.958346263789158 -107.93372583197133 666.8150336976505,0.32129883766174316
2,154,2,0.0,0.6294797929600121 0.7763279963638265 -0.032711348439751264 0.32183357657519074 -0.29881162575980635 -0.8984067905462437 -0.707232874832499 0.555001310243956 -0.4379442959825495,15.32034873115586 -107.47092896555058 667.2787369774837,0.32016420364379883
2,159,2,0.0,0.2530295613250413 0.9670555544758548 0.027921240177589457 0.43798549344804294 -0.08876972536516947 -0.8945885330070285 -0.8626382489924336 0.23858644223004327 -0.446017668886871,10.844391190387665 -102.08649214228268 654.2230259401256,0.32219839096069336
2,164,2,0.0,-0.16882058857632654 0.9816419999573405 0.08876143753058235 0.4693219915234826 0.15924832652220966 -0.8685486968341543 -0.8667389902070719 -0.1049712075744032 -0.48759057459634797,4.0230109388425275 -98.68144100990035 645.4562457477974,0.3250112533569336
2,166,2,0.0,-0.3151509391647093 0.9434913903221556 0.10248844779567912 0.45622107801796297 0.2453077582216232 -0.8553867147252225 -0.8321912121115732 -0.22281853635693666 -0.5077496295813746,1.2745265919153315 -98.43888223577044 645.7722737451355,0.32202959060668945
2,174,2,0.0,-0.8604548720723348 0.49392070162209967 0.12513893733013146 0.2034640409945442 0.558240311479466 -0.8043445397722786 -0.46714001878361067 -0.6666409041968855 -0.5808356976825775,-11.051828746552747 -99.94062132422576 654.8951146070265,0.321138858795166
2,183,2,0.0,-0.9582535457155692 -0.26638655701667535 0.1038669551124954 -0.2556478884686998 0.6355833660671963 -0.7284764525365158 0.12804022510537372 -0.7246185113695985 -0.677151174949488,-17.5441589759984 -108.83535723055424 675.7317424092805,0.3266415596008301
2,194,2,0.0,-0.33740653876348703 -0.9396744441924865 -0.05629179808094187 -0.6419613288211847 0.2734195918655371 -0.7163290997036367 0.6885074290795872 -0.2055569646487938 -0.6954882129745924,-12.989790129221296 -112.43109941000897 665.9677035624696,0.32479357719421387
2,198,2,0.0,-0.047682853671331515 -0.9944323439087267 -0.09397158535405453 -0.6899404584957399 0.10081949694916525 -0.7168107091594026 0.7222939216111726 0.030655218529856643 -0.6909064686196245,-10.446110822894415 -113.85869028309887 668.7482068941231,0.3190884590148926
2,203,2,0.0,0.3911702759389396 -0.9094484724644551 -0.14102939819031823 -0.6282800398630028 -0.15191342031441568 -0.7630114705809603 0.6724953581487368 0.3870733634085986 -0.6308123370765327,-4.721197361445629 -117.45815385234596 684.9576343292545,0.31975245475769043
2,206,2,0.0,0.6243513719935363 -0.7613057155954902 -0.17492561759624323 -0.5567678590322648 -0.27664107472844884 -0.7832491729467175 0.5479004612504143 0.5864156573410428 -0.5965917878976009,-1.823314108223278 -116.30443290127329 678.3997478391168,0.31594395637512207
2,209,2,0.0,0.8032399791478239 -0.5705064389580745 -0.17125401894840397 -0.4403831064791734 -0.3751911971735892 -0.8156557393233999 0.4010838508670682 0.7305846759074719 -0.5526099672488887,2.3878739322174063 -117.34516232496634 682.5183201487364,0.31815433502197266
2,211,2,0.0,0.9001789638183744 -0.4055386316065689 -0.15879625742929043 -0.3397936529161466 -0.42589744218910275 -0.8385413777355779 0.27243000300403614 0.8087952689101559 -0.521183371234894,5.481786217154815 -115.68823851897962 681.1142807833949,0.31578612327575684
2,223,2,0.0,0.8439632420869222 0.5335762400247185 -0.054976741329527984 0.2595475332475282 -0.49591147882795317 -0.8286777921193469 -0.4694263776048946 0.6851045184844107 -0.5570194563576665,-10.91837355431798 -89.55904430847508 717.0941525367717,0.31687355041503906
2,225,2,0.0,0.7493711939109351 0.6609289854625198 -0.040195645435598115 0.34363589197311417 -0.4400737080509094 -0.8296080431325177 -0.5660010490134644 0.6078717032876324 -0.5568974814612205,-10.521122552676154 -89.48853616185683 725.2749064615177,0.320357084274292
2,227,2,0.0,0.6007211344081204 0.799107991296787 -0.023675660941885446 0.42786379771698935 -0.34637644824742403 -0.8348388627170483 -0.6753270979892751 0.4913753904553154 -0.5499850328656863,-12.194204364203186 -88.60845911600519 731.066491127932,0.3192582130432129
2,228,2,0.0,0.5232444323826201 0.8520710853602801 -0.013788744451346369 0.4679023870195894 -0.30078016061921076 -0.8310226538423922 -0.7122377553892805 0.4283761903640728 -0.5560676391655993,-13.451556138594286 -87.64451461228646 730.2716061501167,0.3217744827270508
2,240,2,0.0,-0.47061100161771413 0.8760431029899388 0.10523196691182335 0.5283967135497422 0.3753311825134076 -0.7615270294237221 -0.7066273404462945 -0.3027787725994776 -0.6395332802887981,-28.776169057912043 -79.49370137068676 709.5267994858472,0.31810569763183594
2,247,2,0.0,-0.8775000273417828 0.4631912393356823 0.12428828511909384 0.24890295054029343 0.6613917720115381 -0.7075367447191516 -0.40992807079719085 -0.5899277919526358 -0.6956609641588214,-38.32930937955688 -82.3265143187936 720.4381392202943,0.3206508159637451
2,248,2,0.0,-0.9127909985347779 0.3924609811182432 0.11307949103877818 0.2106675118482348 0.689607688215421 -0.692863937440719 -0.3499025470692619 -0.6086177902870474 -0.7121464687131114,-38.70508440542084 -83.43055420166036 726.4709269487763,0.3249819278717041
2,250,2,0.0,-0.9649869724859457 0.2372985533435687 0.11175660836594048 0.0976067814188117 0.7203372821994396 -0.6867220078711508 -0.24346059055516361 -0.6517695884701694 -0.7182780411455976,-40.342286211189226 -84.19960347702396 717.6604771380042,0.31967854499816895
2,252,2,0.0,-0.9940594218700989 0.04509335817614272 0.0990578358318159 -0.03599026709919997 0.7227448792794612 -0.6901771802584074 -0.102715950394343 -0.6896422467654633 -0.7168284348509559,-39.74369342219956 -82.759153055191 700.4479187115111,0.3227071762084961
2,256,2,0.0,-0.9568188325066922 -0.26507281973234487 0.11930683970198137 -0.27795366319855486 0.714163875387572 -0.6424264317460078 0.08508515073169225 -0.6478474815344639 -0.7570034067257674,-44.044694981540665 -89.50927948825233 722.8592795115438,0.32082414627075195
2,257,2,0.0,-0.9278930131091128 -0.3656990171264597 0.0726552482346116 -0.32272052583785216 0.690158690282556 -0.6477132424386628 0.1867244451758578 -0.6244559320722377 -0.7584120057551573,-42.551052918394895 -90.15853412200048 722.5531265603205,0.32378053665161133
2,258,2,0.0,-0.8855704245541848 -0.4601967113539452 0.0631190146781025 -0.38205827476961657 0.644345861638013 -0.6624574592153297 0.2641902682442807 -0.61076787525948 -0.7464355998450469,-41.79027046728408 -89.57633399108666 715.7838788004242,0.3200564384460449
2,262,2,0.0,-0.6873990160393343 -0.7256049769226862 0.031305114808652335 -0.5845255321937297 0.5271365544715795 -0.6168119285110079 0.43105973479529724 -0.4422945516337043 -0.7864877841602808,-40.847068894621685 -93.98929001773762 725.6814506102124,0.32178759574890137
2,270,2,0.0,-0.09409078943790039 -0.9923695672508148 -0.07968415989005034 -0.7651139582211821 0.12328982287150314 -0.6319812105683431 0.6369831664008616 0.0015038519687106677 -0.7708762443811512,-36.87506934894608 -98.86502128501425 732.5289091006059,0.31859517097473145
2,272,2,0.0,0.08358762501515349 -0.9914839047756301 -0.09986378480307967 -0.7681856163603653 -0.00027767129138589475 -0.6402271329112035 0.6347471683760173 0.13022898859134108 -0.7616668843852307,-34.470669477613065 -100.6693452133801 738.6546311259912,0.3226327896118164
2,276,2,0.0,0.4254912236111791 -0.8944483118131816 -0.13754794118564795 -0.699156966622817 -0.2284044169155146 -0.6775034747927606 0.5745752819715119 0.3844393838149687 -0.722543843319784,-29.83744989915359 -102.73232825270132 746.5888143387899,0.317716121673584
2,279,2,0.0,0.6641397708189095 -0.7312753667425171 -0.15541783299288564 -0.5884353874547874 -0.3830853662270889 -0.7120318791835037 0.46115307611198003 0.5643420418312414 -0.6847305310954113,-26.663168731733847 -101.45673803442493 739.9357984091525,0.32108283042907715
2,284,2,0.0,0.9034672175141563 -0.3959539744850147 -0.16421765120336027 -0.37674941820479146 -0.5507463160328309 -0.7448076068748333 0.20446726574094756 0.7347781607164066 -0.646756671225458,-21.447856029676572 -101.02469598285974 743.2673184406582,0.3205289840698242
2,285,2,0.0,0.9343818222134573 -0.3201723818231666 -0.15626981869426915 -0.322860640053326 -0.5754952627023792 -0.7513762105040831 0.15063737060044574 0.7525256464232963 -0.6411033723618867,-20.291401510508567 -102.60111764654206 751.5281132629977,0.3166773319244385
2,288,2,0.0,0.9906130375816474 0.018138013741949628 -0.1354873508146004 -0.09149364042849367 -0.648425397001849 -0.7557601592331631 -0.1015614273944752 0.7610620979791933 -0.6406791392616942,-7.858538299193877 -54.24902288341021 756.1424440787332,0.317371129989624
2,289,2,0.0,0.9870943648700031 0.09684263852175626 -0.12753908501330247 -0.03334433017025446 -0.6546741955749362 -0.7551753791628851 -0.15662972415024867 0.7496820666205474 -0.6429960563643936,-6.271015667959431 -53.44069482905448 753.3663990068172,0.31641459465026855
2,297,2,0.0,0.7326785675826282 0.6794295084149861 -0.03946719777281782 0.39152698997166235 -0.4682260736450663 -0.7921306458423729 -0.5566765063560686 0.5649246737874842 -0.609074199270751,-3.206097542635979 -46.445074133173414 754.3255603533776,0.32301950454711914
2,305,2,0.0,0.11197591584267186 0.991512407481107 0.06606466591313975 0.6609441280349773 -0.024668751317656668 -0.7500295409678954 -0.742033863032732 0.12765029776482079 -0.6580966096199504,-10.769669789798343 -40.384089325675696 748.2004348501332,0.3191182613372803
2,306,2,0.0,0.006400951237986008 0.9977407929123407 0.06687554098400128 0.6672550809659041 0.045549469910377005 -0.7434352041140296 -0.7448017754734707 0.04938173700405435 -0.6654560536218965,-11.891830762417051 -39.758509882510964 745.6628592797055,0.3193349838256836
2,307,2,0.0,-0.09032382303860675 0.9932863921036793 0.07227551627865542 0.6643806306597732 0.1141602761352043 -0.7386242677822439 -0.7419164269618328 -0.018696914568710032 -0.670231632191288,-13.087367027862538 -38.401763046387394 745.5471308804262,0.32436323165893555
2,319,2,0.0,-0.8997331531296964 0.4239009753502248 0.10386633841828827 0.25488598562178827 0.7035405085883942 -0.663373113043326 -0.3542786861961976 -0.5703847086592626 -0.7410451380548855,-29.29155889731768 -38.76543748625518 743.2533631806236,0.3203697204589844
2,322,2,0.0,-0.9771464697318527 0.19077409164060444 0.09375512065631286 0.0894183753597574 0.7690432715074738 -0.6329113687532429 -0.19284483617302034 -0.6100636790596407 -0.768526627159799,-31.535891780574637 -40.72396939798513 738.2586056387858,0.3237295150756836
2,328,2,0.0,-0.9435886193895185 -0.3079891400923393 0.12158621198048576 -0.31746558567782507 0.7371195415503632 -0.596548726739751 0.09410695653785485 -0.60149602745967 -0.7933135632783661,-35.88109136893894 -46.596037935057964 749.0392700646486,0.3210330009460449
2,329,2,0.0,-0.9087482978640405 -0.41206363239557475 0.06618227849034558 -0.36834533005874537 0.7173513481373618 -0.5913786952109651 0.196209706572134 -0.5617923158805879 -0.8036735312702558,-34.85142889965427 -47.57858243995793 754.1298935575734,0.3259284496307373
2,331,2,0.0,-0.8245549435310611 -0.5652280078576672 0.02502886796763612 -0.47685835170927976 0.6704721180220058 -0.5683953301709943 0.3044918020301981 -0.48060840409665917 -0.8223747955817133,-34.47904764324003 -49.886573376948526 764.0360664187474,0.3290712833404541
2,332,2,0.0,-0.7794851160745655 -0.6257422274336644 0.02914821820587782 -0.5246240063462966 0.6266806177378023 -0.5762300368055514 0.34230484335367234 -0.46445459213805 -0.8167676083553359,-34.041395874109796 -49.774991825743896 756.1396730737902,0.31961488723754883
2,336,2,0.0,-0.5244941958302417 -0.8512681339396896 -0.015760795640655162 -0.688667762101948 0.43505026718773254 -0.5800585991616507 0.5006421396385672 -0.29338341663891027 -0.8144222607833094,-32.71999071299945 -53.405907951929315 761.1339870805016,0.320711612701416
2,337,2,0.0,-0.4495301948794111 -0.8929355558750947 -0.024263077828545837 -0.7406411526494885 0.3877704271031178 -0.5487119270312084 0.499372893631318 -0.22869234556123785 -0.8356593350091792,-32.693743340390924 -54.95642813054549 768.0567565772072,0.32135820388793945
2,348,2,0.0,0.46545550145248005 -0.8682425047988219 -0.1717734817376887 -0.7363056817041319 -0.2721632972468301 -0.6195006720916026 0.49112637809206916 0.4148277865481064 -0.7659717933773832,-22.45825459834905 -59.810777851486 775.4990586517994,0.31940340995788574
2,352,2,0.0,0.7418170214146577 -0.6498006577807391 -0.16573053999551302 -0.5700066004472917 -0.48078895748970624 -0.6662840638965358 0.3532704094401442 0.5887283613889179 -0.7270480962840854,-18.035979336450858 -59.664784486987344 776.4841002935651,0.32067203521728516
2,358,2,0.0,0.9728016984057262 -0.16898001707183302 -0.1584380301863695 -0.23082501791544502 -0.6498517384083219 -0.7241633304662811 0.019407902598385263 0.7410387789570023 -0.6711816903034875,-9.29457358830787 -57.55069181430713 765.2661329771005,0.3181192874908447
2,359,2,0.0,0.9852412041782875 -0.08206790804432071 -0.15021527238782043 -0.16684413363139988 -0.6565133995067709 -0.7356311516927831 -0.0382466294215025 0.7498366587046088 -0.6605166013058281,-8.34145850067247 -55.88021314486836 763.6149789413932,0.3150792121887207
2,365,2,0.0,0.9260285311972943 0.3670651217781499 -0.08794518623878451 0.23321570924815999 -0.7396152984525605 -0.6313316428429734 -0.29678543153002007 0.5641209149366135 -0.7705102211928261,-14.297726318668925 -66.57014834385517 737.9833432862304,0.3194456100463867
2,367,2,0.0,0.835993038837579 0.5442691082142976 -0.06990548518338235 0.3807978424446933 -0.6671359238079746 -0.6402520303398864 -0.3951058620225439 0.5086263825328898 -0.7649774903792458,-13.25001781281129 -64.35809024492032 740.2120014343328,0.3219609260559082
2,371,2,0.0,0.6252734302851058 0.780251057896608 -0.015537825804182115 0.5878911291902107 -0.48402827228154643 -0.6481517197783248 -0.5132418120135536 0.39613749921380237 -0.7613526936431491,-14.136284599430725 -59.085832775808484 732.7537826956792,0.3179512023925781
2,372,2,0.0,0.5544965332613828 0.8321517173826769 -0.007557371114934042 0.6345096673625199 -0.428640667612475 -0.6431676764983109 -0.538452483163196 0.35183902189182026 -0.7656880735975945,-14.44594423122892 -57.984360666229776 731.3544967008639,0.32239580154418945
2,380,2,0.0,-0.11511593638351314 0.9904104167011005 0.07639062560615317 0.7666471295463118 0.13748213297527367 -0.6271768824430395 -0.6316648636333573 -0.013633400255318784 -0.7751216875101163,-23.651990078389865 -51.14931759710483 722.1280216037696,0.3241546154022217
2,387,2,0.0,-0.6556777231550288 0.7474961948067707 0.10647141450941561 0.5745970038869783 0.5854749735506088 -0.5718892711618404 -0.4898214026380892 -0.3137968994354656 -0.8133919715748017,-33.46602967727594 -50.64791658415089 728.3593188510349,0.3213660717010498
2,389,2,0.0,-0.7760604807336577 0.6240546348865702 0.09102715484971374 0.49350007666470985 0.6907888519228862 -0.5284585474670517 -0.3926675496846787 -0.3651938864981864 -0.8440649386682165,-35.34066837295485 -52.17151815475864 729.9375396796195,0.3236358165740967
2,390,2,0.0,-0.8313598598837689 0.5473007852063814 0.09645016270861595 0.429311441925826 0.7426960591974274 -0.5139010113671492 -0.35289158279223404 -0.38582951437790386 -0.8524101809746893,-36.91958389893453 -52.50654404335576 730.9684946756889,0.3172268867492676
2,394,2,0.0,-0.9678870515978506 0.2300118062323982 0.10143581390677313 0.1436658068470763 0.8372332835374012 -0.5276367736238241 -0.20628812688130732 -0.49611994308925916 -0.8433920860293342,-40.97522841147577 -52.98545960394089 710.4948840748044,0.3218238353729248
2,400,2,0.0,-0.9506493663239185 -0.28293780316356704 0.1273262810613222 -0.3098275349176192 0.8438429847809461 -0.43810491396793877 0.016513052861408348 -0.45593334663847324 -0.8898607208480652,-46.50170561791976 -61.300435216721056 729.0526517907197,0.3215823173522949
2,404,2,0.0,-0.804249556220005 -0.5938007749769286 0.024151417281884344 -0.5456439576349063 0.7217016726113678 -0.42593352444538707 0.2354895386560545 -0.3557349229226046 -0.9044320548260146,-44.14477411035402 -64.429663992607 728.01085459884,0.32558417320251465
2,413,2,0.0,-0.17810233425965338 -0.9815843001771083 -0.06907836258249406 -0.8821214308976579 0.1903751765246917 -0.43083532041170924 0.43605199194858707 -0.015797272201494045 -0.8997828107430488,-39.58495259640629 -73.67705189428654 743.8700276467772,0.3238832950592041
2,414,2,0.0,-0.10187431737628794 -0.9920369835982755 -0.07405569952643914 -0.8908881102743514 0.12410474857185816 -0.4369397971731471 0.44265110237173294 0.0214623986346065 -0.8964370401840492,-39.758333321705784 -74.54255221653531 745.6106668901741,0.31651830673217773
2,416,2,0.0,0.0813345013497363 -0.9910126164619192 -0.1062011906877261 -0.8810478397293379 -0.021671051450675938 -0.47253049598654373 0.4659821917181564 0.13200136189571363 -0.874892129041758,-38.3350951462295 -74.86576652785176 748.014669736177,0.3250703811645508
2,422,2,0.0,0.5544599863297713 -0.8203568620612763 -0.1399597886114624 -0.7558752499574689 -0.42606702707676947 -0.49711114948238405 0.34817629164106384 0.3814203813470634 -0.8563245661734443,-31.249484087376594 -78.06061249537521 759.8930766018583,0.3215188980102539
2,423,2,0.0,0.6317590881391839 -0.7622078473002869 -0.1411369975145062 -0.7063684428821777 -0.4910794749739306 -0.5097887524843367 0.3192555049701644 0.4217583985805042 -0.8486434915634797,-29.97436555914086 -77.83771313212321 758.0539767447921,0.3226172924041748
2,425,2,0.0,0.7624547811771208 -0.6211609997321075 -0.18116765459639256 -0.6135265630579558 -0.6051001480272866 -0.5073844373644584 0.2055428497477863 0.49800885862519023 -0.8424602742256718,-26.450929057129912 -78.00022240721864 756.4320824259773,0.3210642337799072
2,427,2,0.0,0.8573178015358401 -0.4821311069121923 -0.18043221141852345 -0.4981870464054312 -0.688748843939533 -0.5267207009087356 0.129675957538733 0.5414560238094883 -0.8306681168293578,-24.118015659963632 -77.66012635656479 757.95906260103,0.31433606147766113
2,429,2,0.0,0.9311455225910156 -0.3183091210633142 -0.17789693422486427 -0.3617879881571826 -0.7454627195941075 -0.5598167426225616 0.045579242905993744 0.5856318272970292 -0.8092946901301521,-20.85573987872142 -74.8338641213892 744.2984827445423,0.318464994430542
2,444,2,0.0,0.48328406673811664 0.8754419317481289 -0.006159137453507324 0.721652380944999 -0.40234842851004604 -0.5633236930503724 -0.49563530131890426 0.2678006090594277 -0.8262133392011524,11.226494814769607 -24.018289118952435 710.2624552859282,0.3200056552886963
2,456,2,0.0,-0.5177873511377273 0.851200153195598 0.08575872084847397 0.687047050469873 0.47346404470048964 -0.551178871888701 -0.5097672110310978 -0.226473171867318 -0.8299682481769604,-2.9865569589195964 -14.986498935378616 701.9562022769735,0.32266855239868164
2,457,2,0.0,-0.5826933480894203 0.8068543273192059 0.09723454416313795 0.6615541291151334 0.5404143529039274 -0.5199023575885635 -0.47203241026762033 -0.23861773123911137 -0.8486736604816012,-4.084958516514095 -15.440790066825397 702.7866939350364,0.32221317291259766
2,462,2,0.0,-0.8648404836538657 0.490074086374956 0.10898774104044953 0.39948966705397726 0.8032425452579628 -0.4418251004691923 -0.3040706229652089 -0.3385687571989797 -0.8904562049299719,-11.25626654487203 -17.539537904317918 705.1269893441173,0.327648401260376
2,465,2,0.0,-0.965201456079297 0.2454901387818671 0.09011515379371328 0.18110398583699922 0.8760843130115377 -0.44685302148363415 -0.18864648286240843 -0.41498297345308144 -0.8900570971840414,-14.541911263693036 -18.986912562545864 692.8865684721894,0.3269839286804199
2,469,2,0.0,-0.9896245450256607 -0.10797089087785036 0.09479212312105653 -0.13692092439784379 0.9086521953944106 -0.3944665363081615 -0.04354216743335317 -0.40335279164518184 -0.9140079896408151,-17.925744090822413 -22.79614254149162 696.1176909363144,0.3272716999053955
2,471,2,0.0,-0.9616059070971781 -0.2574650882783248 0.09500425123986725 -0.27429062700110785 0.8904826396647596 -0.36305002464539404 0.008873070221323394 -0.37516982391114095 -0.9269136269638779,-19.09732270196788 -25.80245389942549 702.7541376290943,0.3235030174255371
2,475,2,0.0,-0.8151942118974493 -0.5788284589162591 0.020396373146346847 -0.5472337632817568 0.7582067454541442 -0.3544823542467531 0.18971980711929562 -0.3001335474359087 -0.9348402261831454,-19.11785209923521 -30.898636640439587 706.3249978309752,0.3254544734954834
2,477,2,0.0,-0.7060645957123493 -0.7077897434180433 -0.02250479490635078 -0.6611373769711115 0.6702458141017941 -0.33714672985331084 0.2537127420003083 -0.22316860843596098 -0.9411830941721391,-18.102380531493264 -33.25708703075443 710.5691641155961,0.32062315940856934
2,483,2,0.0,-0.2593065313808215 -0.9619591369343551 -0.08599268371063917 -0.8913251176746174 0.27264641585690463 -0.36222019066130706 0.37188661899237063 -0.017278622308941866 -0.928117337315454,-14.040445088636346 -39.11903982535871 717.2098861934855,0.323577880859375
2,486,2,0.0,-0.017398657015364805 -0.9944079073369081 -0.10416429599384083 -0.9233813144022676 0.05593860684239327 -0.3797865459403118 0.3834895499838322 0.08957558869671411 -0.9191909371631309,-12.796724136597199 -41.25845696013633 723.551749635567,0.32006144523620605
2,487,2,0.0,0.09679869363627525 -0.9859458567299182 -0.13616453469027406 -0.91948932643938 -0.036213605267326865 -0.39144342293312095 0.38101101227440465 0.1630930482597296 -0.9100721213920263,-11.849799747366436 -41.19080141365119 711.4050970929525,0.3269984722137451
2,489,2,0.0,0.26777381627802266 -0.950521311394664 -0.1575005393656541 -0.9058179928493268 -0.19265730184299945 -0.3773286735420359 0.32831531664898095 0.24370556134635835 -0.9125878873963514,-8.504977823408902 -42.683750174594635 717.2727747966599,0.3218262195587158
2,497,2,0.0,0.7971442192391708 -0.5707957515141836 -0.19685858829863234 -0.5929104117508072 -0.6783964561334537 -0.43386114361977535 0.11409792886402614 0.4625694092338245 -0.8792105574150086,2.412864207868227 -44.53886193258289 726.780838971518,0.3199174404144287
2,503,2,0.0,0.9791194836613123 -0.08302853357437387 -0.18555672805720122 -0.1695598063731147 -0.8370700575673028 -0.5201568905503264 -0.11213611718584207 0.540758708979117 -0.833669904629957,9.589811813227067 -39.07517454234572 709.0203488661068,0.32108187675476074
2,512,2,0.0,0.7822646990659162 0.6216961615834338 -0.03944392561264132 0.5139149034304842 -0.6798393018663742 -0.5231730073980085 -0.35207018139477075 0.388988953969474 -0.8513132097309354,-2.8919264326961303 -14.89211964292392 699.6457563320403,0.32511401176452637
2,517,2,0.0,0.45452238112831767 0.8889262674326424 0.056740603818737106 0.779059443032291 -0.3658471176732997 -0.509138753889699 -0.43182842573834923 0.2756192619509916 -0.8588121058566477,-6.318189944691042 -9.745188988035418 704.0963832788614,0.3219258785247803
2,521,2,0.0,0.11185655196119793 0.9898892031463007 0.08722085345680355 0.8506893549063059 -0.05001968075616403 -0.523283530207233 -0.5136299574912316 0.13273054294861014 -0.8476832366728285,-10.451039449330112 -5.335673128599301 697.9805832305145,0.322310209274292
2,528,2,0.0,-0.48472151437212624 0.8674697886583511 0.11198758533796599 0.7361927878526684 0.473758727161558 -0.48329374872015074 -0.4722978219497826 -0.15181842511136745 -0.8682660497671181,-18.159647209550016 -1.8986401876936996 701.6537707869879,0.33184289932250977
2,529,2,0.0,-0.5749252083075982 0.8144976950328001 0.07781072958609553 0.7175766357078094 0.5476233531006262 -0.43033990638225567 -0.3931218344721219 -0.19157809876153015 -0.899306986148885,-19.345133990076604 -3.099901336665446 704.3479495391539,0.3249092102050781
2,536,2,0.0,-0.9331798405327202 0.334782635297839 0.13075156720422534 0.2630450334804495 0.8840800058345839 -0.38627691316566226 -0.2449136492411074 -0.32607227785654747 -0.9130685483734758,-29.793993072501934 -5.741453865343895 695.9034129893191,0.3269948959350586
2,544,2,0.0,-0.9438535728082352 -0.31702228357677664 0.09293710137988606 -0.3301693989587685 0.8955454817346952 -0.29830598072411996 0.011340241987494164 -0.31224215260009225 -0.9499348593726444,-34.82647913623016 -14.072324669479592 701.7525517712987,0.3242831230163574
2,545,2,0.0,-0.91107321319858 -0.39883546673496106 0.10428744251500559 -0.4109581303264146 0.8587182340340924 -0.30613136013154124 0.03254251543185417 -0.32176585432838506 -0.9462598584309133,-35.48329582108312 -15.69117539341073 700.6874258173967,0.3194458484649658
2,546,2,0.0,-0.8676912284019693 -0.487128887793255 0.09908268684077919 -0.49292828226141394 0.8173596138256027 -0.2982364334444618 0.06429339547024539 -0.3076177959159181 -0.949335373266339,-35.704478141770295 -17.083286030296577 702.635605863203,0.3241434097290039
2,547,2,0.0,-0.8228549856525345 -0.5648440289916954 0.062136104634876 -0.5580569270023306 0.7826280186976512 -0.27580038175119453 0.10715474236580945 -0.26161920277727685 -0.9592044901514479,-35.37230553961309 -18.1486202972113 705.031954502172,0.3230323791503906
2,548,2,0.0,-0.7821462046605712 -0.6207316873042091 0.054217035252156064 -0.6092310395691295 0.7435899463446474 -0.27552047495727394 0.13070904697296915 -0.2485279945431369 -0.9597650655070671,-35.66546550762777 -19.293032166904897 706.8382897752316,0.3239881992340088
2,553,2,0.0,-0.45482869200128084 -0.8902661132497678 -0.023603146645223977 -0.8541914253091931 0.44359036677922403 -0.2712648068381206 0.2519679937227213 -0.10321741180549672 -0.9622153064878574,-33.23786033012681 -26.139162666759102 720.4199037443261,0.3273799419403076
2,556,2,0.0,-0.1971140328951393 -0.9783385450039622 -0.06324357196857386 -0.9274818514660804 0.20699356956453785 -0.31133756175569716 0.31768454988693684 -0.002711737166663758 -0.9481925823611327,-29.25151732236211 -27.062272006815235 714.6855087104215,0.3215780258178711
2,558,2,0.0,-0.004057360548149647 -0.9959641877696529 -0.08965977083239537 -0.942774147150211 0.03370351625505075 -0.3317242536463642 0.3334073263900693 0.0831829890805858 -0.9391060350338746,-29.855507514555228 -28.353596574472476 717.5529674359568,0.32157087326049805
2,562,2,0.0,0.32141031784191665 -0.9376051793841791 -0.13263459268501332 -0.9129474568299207 -0.26962607123283944 -0.30631474463258196 0.251440546954023 0.219541133511479 -0.9426448652827621,-23.363072049699596 -31.008614653787685 709.3032880978657,0.3224217891693115
2,565,2,0.0,0.5403791123337128 -0.829611880388068 -0.14047968846919506 -0.8192332176497549 -0.4806566246268296 -0.31277171275799875 0.19195663586512823 0.2841009277023163 -0.9393824103239456,-19.538097647920527 -32.15330375935371 711.7377934612053,0.3191263675689697
2,570,2,0.0,0.8475227096052533 -0.502695247522623 -0.17030192254211207 -0.5270844365565348 -0.7594606870025202 -0.3813154358763103 0.062347842330356194 0.4129369843158022 -0.9086230205871519,-12.205832502107992 -30.49103003601932 711.5115628705331,0.32363319396972656
2,573,2,0.0,0.9481564964482774 -0.27435290723910943 -0.16040492677089574 -0.31729814564324255 -0.8456809119655945 -0.4291219895419017 -0.017920519364334045 0.4577709879694092 -0.8888895193212841,-9.175499167904162 -28.01808581340768 703.8663971341587,0.3201131820678711
2,575,2,0.0,0.9805807292600381 -0.11280332903856291 -0.1604270624354588 -0.17434592498628307 -0.87599524132173 -0.4497063882383275 -0.0898049655894942 0.468943222724779 -0.878650853306345,-6.32772276672873 -26.47869975001513 701.3107493104867,0.3205993175506592
2,580,2,0.0,0.9410324957892606 0.3231763420330289 -0.10007444138633012 0.25723428559889205 -0.8756142607677595 -0.4088155924772902 -0.21974613575911403 0.3589661798697488 -0.9071135086242825,8.291742808269532 12.165990222770262 672.6415593918085,0.32721614837646484
2,582,2,0.0,0.8755043652987426 0.477300665041162 -0.07534043731032916 0.4145871383349631 -0.822073383538259 -0.39027279793137637 -0.24821283421707527 0.3104503619408798 -0.9176115527284427,8.843259801595872 13.759271226117402 680.4865294305458,0.32854533195495605
2,586,2,0.0,0.674468413481175 0.730995964182872 -0.1036207487163604 0.601028005188107 -0.6251384860328697 -0.4979630611402178 -0.42878630597978595 0.2735813839223801 -0.8609852090340022,9.50689906295177 20.6140880529009 673.8189596476293,0.3198113441467285
2,587,2,0.0,0.6147997035635114 0.7853494367447266 -0.0724402284849971 0.6523150074698986 -0.5579728574123075 -0.5129828665956505 -0.4432904866199636 0.2681278661308544 -0.8553367710301892,8.942148532883179 22.24009600579415 671.9945820190809,0.31876707077026367
2,595,2,0.0,-0.033983062843689904 0.9943173942099306 0.10088642629876124 0.8538373020482561 0.08134845201609264 -0.5141442316952907 -0.5194295073161681 0.06866839830780277 -0.8517497508089591,0.39486440551880697 29.464207539233797 666.7271230693023,0.31975245475769043
2,605,2,0.0,-0.7782016602000517 0.6003923732329071 0.18420416451763819 0.5060752695650348 0.7732015359900265 -0.3821612307355914 -0.3718736312197475 -0.2041773320092665 -0.9055504511053026,-14.883056779120677 29.965662489879723 665.9632779718584,0.3323187828063965
2,613,2,0.0,-0.9972105707909017 -0.059986909213282535 0.04441450467945712 -0.06865310530357371 0.9706638518184988 -0.23043098295379416 -0.029288711734395886 -0.23283740570602646 -0.9720745413130758,-19.530006173180038 21.301731675490615 666.3351942416008,0.32412075996398926
2,615,2,0.0,-0.981384493518057 -0.19108684006028961 0.01924306207650328 -0.18955940666158502 0.9476715304913267 -0.2568772112164368 0.030849752485469013 -0.25574301525554777 -0.9662524529953784,-20.436583324333085 20.46744199105096 668.5785687593781,0.3287017345428467
2,621,2,0.0,-0.7469288597953332 -0.6648343142333125 0.009623566010821746 -0.6502686108568202 0.7273914938526672 -0.21920845879008882 0.1387372053170487 -0.1699910270829193 -0.9756305850946398,-22.780208158994082 12.443737103762123 676.2048185397025,0.33268070220947266
2,622,2,0.0,-0.6653915973912716 -0.7460022587166282 -0.02710446662048692 -0.7224943843191463 0.6527071281954724 -0.22798085320946843 0.1877655100075355 -0.13211371916840564 -0.9732882812708175,-21.231416458460878 10.440015691349299 675.7323767526572,0.32607293128967285
