{
  "0": [{"cam_R_m2c": [0.9904244536021649, -0.04580618028728941, -0.13106475416547492, -0.13740409389872743, -0.20977576054247213, -0.9687446365698318, 0.016924800017418102, 0.977227518185207, -0.21309618599084948], "cam_t_m2c": [-6.477091134524585, -169.9098987355607, 736.04788333463], "obj_id": 2}],
  "2": [{"cam_R_m2c": [0.9853640994534067, 0.12734658576702998, -0.1140824766593293, -0.08565212086171171, -0.20852722465648643, -0.9749736872562729, -0.1477437645488861, 0.9702457174761289, -0.19356050227657345], "cam_t_m2c": [-13.213659170219728, -168.01898174083806, 724.6903395813677], "obj_id": 2}],
  "5": [{"cam_R_m2c": [0.9284004205760772, 0.3636237269247, -0.07795831936111366, -0.004980832661009707, -0.19773694533728672, -0.9809718729456409, -0.3716917284986423, 0.9109092118844285, -0.18075082821321495], "cam_t_m2c": [-25.438676897158587, -171.0805049390225, 704.9068482948204], "obj_id": 2}],
  "15": [{"cam_R_m2c": [0.32130896009169674, 0.9463108156459958, 0.04806192650395953, 0.17511246047844145, -0.010347989795626511, -0.9850779102331705, -0.9307003282687096, 0.32475572937274527, -0.1684214315900089], "cam_t_m2c": [-29.82961873221791, -169.51455700447244, 688.0395531652844], "obj_id": 2}],
  "19": [{"cam_R_m2c": [-0.034627976449519204, 0.995405428578903, 0.09609159609802613, 0.18558303333973847, 0.09991354526280866, -0.9780169217327286, -0.9820726849633562, -0.016213136897926195, -0.18789236355130678], "cam_t_m2c": [-33.14682357721472, -166.7965247610572, 683.2293026256918], "obj_id": 2}],
  "20": [{"cam_R_m2c": [-0.11960922535907076, 0.9877287881579897, 0.10659635932301104, 0.18303321080195478, 0.12646985395323826, -0.9753943053796424, -0.9758582962218553, -0.09733905412722732, -0.19569704525084847], "cam_t_m2c": [-34.600062466281656, -166.3535516518793, 682.6093234831374], "obj_id": 2}],
  "21": [{"cam_R_m2c": [-0.20030290314511245, 0.973467276581996, 0.11625375243152379, 0.1767973956872122, 0.1516037407516661, -0.9729335980849442, -0.9637055693292683, -0.17451492317543693, -0.20233491326087907], "cam_t_m2c": [-37.43325496083651, -165.26482100375057, 682.2802748981231], "obj_id": 2}],
  "22": [{"cam_R_m2c": [-0.26584172167279935, 0.9563792266804847, 0.12622737016670232, 0.17504686990939605, 0.17560900859690204, -0.9691830247152835, -0.948047277903566, -0.2357494217035866, -0.2140210088402161], "cam_t_m2c": [-43.086524436664035, -167.10726082367003, 680.9886480197029], "obj_id": 2}],
  "25": [{"cam_R_m2c": [-0.5119846719340548, 0.8473252557355716, 0.1449923163335962, 0.14099806404683657, 0.24825488844993773, -0.9587187923185683, -0.847406734472636, -0.47062402077911486, -0.2467580952341842], "cam_t_m2c": [-41.35742469256968, -166.3326352849819, 681.0626846214785], "obj_id": 2}],
  "26": [{"cam_R_m2c": [-0.5866777497593902, 0.796532265273488, 0.1495947318882968, 0.12431735286473464, 0.26993244462185834, -0.9551387927577228, -0.8002883268068167, -0.5419875281167286, -0.2576537854775805], "cam_t_m2c": [-42.10500010532769, -165.40953194457057, 680.6460145410522], "obj_id": 2}],
  "29": [{"cam_R_m2c": [-0.7743344858490632, 0.6128863120588312, 0.15981959981601246, 0.06652946410529739, 0.32866862597102064, -0.9423558581112759, -0.6293543177490405, -0.7193225121768637, -0.29576562062717576], "cam_t_m2c": [-46.816533822826614, -165.2564485413847, 682.6455902852575], "obj_id": 2}],
  "30": [{"cam_R_m2c": [-0.8314000400184361, 0.5333615482280388, 0.15796874267313973, 0.042601928309655014, 0.34318201283644684, -0.9385411812555748, -0.554135491896263, -0.7738405460886146, -0.3086104445269905], "cam_t_m2c": [-46.40593980837923, -164.80194711708992, 681.6126228065241], "obj_id": 2}],
  "33": [{"cam_R_m2c": [-0.9384004957599598, 0.31228279641884077, 0.14928328650025122, -0.02445251229386284, 0.3691005864009911, -0.9292672521395666, -0.3448382834172441, -0.8759690706085522, -0.33945690857422633], "cam_t_m2c": [-51.73811837479025, -163.07311736453332, 688.4577008401179], "obj_id": 2}],
  "47": [{"cam_R_m2c": [-0.6307839399359109, -0.7759888210531128, 0.024738619226477084, -0.3695446620593106, 0.27169258217016895, -0.8887475672344719, 0.6823893510642157, -0.5701772690358956, -0.45887892112666595], "cam_t_m2c": [-61.59602081440747, -174.9824799299999, 698.6002974986736], "obj_id": 2}],
  "49": [{"cam_R_m2c": [-0.4860262681606238, -0.8743990252848513, -0.007745558809043239, -0.39519722539153795, 0.22705081949620792, -0.8902600451650211, 0.779554086807316, -0.4300602458296282, -0.45654259781939927], "cam_t_m2c": [-58.96129184996329, -173.84280439681766, 702.3119877654177], "obj_id": 2}],
  "53": [{"cam_R_m2c": [-0.16343377049691507, -0.9853077693822639, -0.06014480804928455, -0.42837871697232077, 0.12495440296706388, -0.8951559813050737, 0.888756476351663, -0.12096545090959004, -0.4428686179427036], "cam_t_m2c": [-53.6386826652149, -175.35249023726462, 707.2759372701696], "obj_id": 2}],
  "56": [{"cam_R_m2c": [0.09495738851119247, -0.9913435082458301, -0.09738643961490472, -0.428314301225852, 0.04672642908873416, -0.9027311443355995, 0.8986862824666656, 0.12701301795511968, -0.4202934261382514], "cam_t_m2c": [-50.780286094474036, -175.29918827031395, 709.3927991333438], "obj_id": 2}],
  "58": [{"cam_R_m2c": [0.25945096854075117, -0.9593770746439012, -0.1163214821003169, -0.41880285210823764, -0.004169831019521634, -0.908431599263624, 0.8702852354888179, 0.28399975026169183, -0.4028344565808639], "cam_t_m2c": [-50.33063487375887, -175.68328249818862, 710.3825906241282], "obj_id": 2}],
  "59": [{"cam_R_m2c": [0.34859121494613504, -0.9289356830489484, -0.1295633316536788, -0.4140130895611469, -0.02954184726296737, -0.910182710129443, 0.8409424631985611, 0.37051757801212354, -0.3947592368614011], "cam_t_m2c": [-46.206192070575526, -177.5648526705943, 709.0947861255381], "obj_id": 2}],
  "65": [{"cam_R_m2c": [0.7753611272100273, -0.6134212798305653, -0.15258420460027394, -0.3121750191868105, -0.1633221506900438, -0.9364580273624561, 0.5490617863225803, 0.77338074400951, -0.31751948799855606], "cam_t_m2c": [-35.48583356335564, -175.30746452965514, 709.9311081576805], "obj_id": 2}],
  "72": [{"cam_R_m2c": [0.9912294004902833, 0.01275996278511719, -0.13229513205220325, -0.11652217847862795, -0.39089179124214, -0.9139493076243121, -0.06319646730783827, 0.920933428312858, -0.3850309343694862], "cam_t_m2c": [14.231015051441261, -144.00926210925442, 650.1508116988878], "obj_id": 2}],
  "75": [{"cam_R_m2c": [0.9565772486246804, 0.27231038143644043, -0.10488002631380512, 0.005552161286848631, -0.3764611234696501, -0.9273558812581192, -0.2916095572423244, 0.8861160557503795, -0.3606459201701947], "cam_t_m2c": [16.650896214415127, -142.1304618298349, 647.3084237053511], "obj_id": 2}],
  "87": [{"cam_R_m2c": [0.2525788534371212, 0.9670944190258128, 0.04498175309131127, 0.3329408295372926, -0.04405203577261944, -0.9425667574493211, -0.9085489479273879, 0.25271615272214015, -0.3325639528002812], "cam_t_m2c": [8.481500466719467, -134.0764210075517, 630.495271659678], "obj_id": 2}],
  "91": [{"cam_R_m2c": [-0.09609111734022366, 0.9917368456519483, 0.0920697853947954, 0.3477021172795067, 0.11917020306806898, -0.9304955553452651, -0.9327254340520041, -0.057741806207808694, -0.35602708733300237], "cam_t_m2c": [5.140380521487373, -132.41379106462836, 627.728337784672], "obj_id": 2}],
  "97": [{"cam_R_m2c": [-0.5805198730333705, 0.8027509120281517, 0.14003740996307734, 0.26941233627576144, 0.350514496395687, -0.8972603223183654, -0.7684533766794838, -0.48353717607960556, -0.4199612682690482], "cam_t_m2c": [-4.171402993044808, -132.29271038035915, 628.3002211621065], "obj_id": 2}],
  "102": [{"cam_R_m2c": [-0.8653635568717014, 0.47988742985453164, 0.14636367943422504, 0.12156085574759395, 0.48279259884132264, -0.8674236961226517, -0.486287877125499, -0.7332782078703041, -0.4766634810944704], "cam_t_m2c": [-10.639658502900943, -133.0692411478811, 630.2884066280458], "obj_id": 2}],
  "105": [{"cam_R_m2c": [-0.9593706182746808, 0.24460772191771832, 0.1418163189173028, 0.009436057012882094, 0.5279335216743775, -0.8493434992311529, -0.28218051106917447, -0.813960040676306, -0.5094682281790869], "cam_t_m2c": [-11.394284998937678, -134.66825050551597, 632.2043277667901], "obj_id": 2}],
  "106": [{"cam_R_m2c": [-0.9774241015434346, 0.16276277339127976, 0.1357426422881506, -0.02757094811132714, 0.5360892962029128, -0.8438056937495909, -0.20973533456187574, -0.8289717146539426, -0.5202115411584473], "cam_t_m2c": [-12.758891225536672, -135.02193999802682, 633.3891030145476], "obj_id": 2}],
  "108": [{"cam_R_m2c": [-0.9923210420875235, -0.03425676526822209, 0.11963076408108526, -0.11875059659314163, 0.5418792316741404, -0.8320874528123142, -0.03611454509874719, -0.8403993151597904, -0.5425615925684593], "cam_t_m2c": [-14.817121467669722, -136.31409860543562, 636.333596434378], "obj_id": 2}],
  "111": [{"cam_R_m2c": [-0.9583020361609552, -0.26961958654573637, 0.09566769601218454, -0.23002257231397277, 0.5281899677394228, -0.8174076845842752, 0.16986425869343433, -0.8058524261363983, -0.5689872271831052], "cam_t_m2c": [-14.814565918779067, -138.19618490847432, 639.9259878387234], "obj_id": 2}],
  "113": [{"cam_R_m2c": [-0.9041024453786313, -0.4212000090793245, 0.07382692076436294, -0.30155032111882335, 0.5058767080816535, -0.8081961445541402, 0.3029407712991543, -0.7534965157689464, -0.585168970052812], "cam_t_m2c": [-15.762130623876942, -139.35340712224388, 641.3129698841976], "obj_id": 2}],
  "116": [{"cam_R_m2c": [-0.7612963168550441, -0.6478202868010646, 0.035205233496485515, -0.40708929977245734, 0.43467715093800946, -0.8033381703452166, 0.5047901832098726, -0.626468083939875, -0.5953675494095719], "cam_t_m2c": [-16.022344605253245, -141.05138034905312, 644.9219974118347], "obj_id": 2}],
  "117": [{"cam_R_m2c": [-0.7071560452653044, -0.707116245117581, 0.021996274619220352, -0.4388390388381432, 0.4139268765020492, -0.7975590954020397, 0.5544885299951027, -0.5742201493331935, -0.6037133761561434], "cam_t_m2c": [-15.50123706924317, -142.0834942085872, 646.8016474796119], "obj_id": 2}],
  "138": [{"cam_R_m2c": [0.8653057013596575, -0.47413141460240915, -0.1644334198370982, -0.34621666963517267, -0.3289221493200473, -0.8793546847944743, 0.3626113040264907, 0.8173660621518429, -0.44805253039555537], "cam_t_m2c": [4.2334100678473305, -146.20914210282328, 655.8967000357242], "obj_id": 2}],
  "145": [{"cam_R_m2c": [0.9855888375335283, 0.10185118801786355, -0.13575573791147236, -0.07135544960128253, -0.4761378811710192, -0.877515557280053, -0.15372075365869292, 0.8740690702815277, -0.46107599953183753], "cam_t_m2c": [14.186567516207504, -111.16901894584618, 665.2445519486714], "obj_id": 2}],
  "150": [{"cam_R_m2c": [0.8531771244024402, 0.5157516818835546, -0.08010913284575051, 0.16174418213104483, -0.4079094208631989, -0.8996048023957152, -0.4960187521384765, 0.7541138564489738, -0.43052049557724215], "cam_t_m2c": [16.29079590929311, -107.1667167420535, 659.6785012815358], "obj_id": 2}],
  "152": [{"cam_R_m2c": [0.757038357970278, 0.6512255851059188, -0.05717345180277519, 0.23720385520743412, -0.3559805560086244, -0.9048632301879341, -0.608879386739121, 0.6710146066536293, -0.4230931095030591], "cam_t_m2c": [15.65139619483228, -105.62359300430512, 657.7793013634969], "obj_id": 2}],
  "154": [{"cam_R_m2c": [0.6404418233472583, 0.767746529230189, -0.032231948384793964, 0.3033952897414634, -0.2920900233126367, -0.907904897492673, -0.7056149354813596, 0.571249808412954, -0.4191943898772134], "cam_t_m2c": [15.1622127513035, -104.37569272609471, 655.6243848874667], "obj_id": 2}],
  "159": [{"cam_R_m2c": [0.2453990251005806, 0.9693897790893174, 0.03373410021623998, 0.4209892246613282, -0.07602000816263162, -0.9045678251017286, -0.8733008924896518, 0.2357581823920862, -0.42623132187744084], "cam_t_m2c": [10.076707348154684, -100.94597189269228, 648.560515833726], "obj_id": 2}],
  "164": [{"cam_R_m2c": [-0.1813925180262061, 0.979627000912786, 0.0930714904072243, 0.43323089461297415, 0.16363161056137676, -0.886771201839099, -0.8829013055906125, -0.12096777895601228, -0.45390380382386025], "cam_t_m2c": [3.7453452090974224, -98.32752806872477, 644.6693729594356], "obj_id": 2}],
  "166": [{"cam_R_m2c": [-0.3331583874803497, 0.9370971215674796, 0.10976937631803839, 0.41426998881516214, 0.24907668493183938, -0.8758016308515922, -0.8470495140634403, -0.24675370580352746, -0.4711437447363777], "cam_t_m2c": [1.2515284162274156, -97.85338842987906, 645.1214336288765], "obj_id": 2}],
  "174": [{"cam_R_m2c": [-0.8676219093546802, 0.47965172953575025, 0.13308484548537655, 0.17898580539032954, 0.5494502651798409, -0.8162779904012186, -0.4640077232670898, -0.6849205937861328, -0.563056672910618], "cam_t_m2c": [-11.682387394528291, -99.08232766314245, 648.8471833216893], "obj_id": 2}],
  "183": [{"cam_R_m2c": [-0.9595606739584606, -0.26881572330961584, 0.0846667203726789, -0.23706284129470892, 0.6083345899645606, -0.7574485848645544, 0.1521561218008285, -0.7474923538162864, -0.6481955198639816], "cam_t_m2c": [-15.107166522617945, -104.72010836097206, 656.2166376069706], "obj_id": 2}],
  "194": [{"cam_R_m2c": [-0.3454943139566642, -0.937095353634143, -0.059504703574133885, -0.6189620038112841, 0.27454782440660236, -0.73588617586963, 0.7054266435547687, -0.2180675162824378, -0.6752664789829289], "cam_t_m2c": [-11.818638438715197, -112.44371426235818, 667.7551182208713], "obj_id": 2}],
  "198": [{"cam_R_m2c": [-0.0118095486862874, -0.9950053728245922, -0.10538161129628962, -0.6534232538742868, 0.08672561336813343, -0.7521549990776343, 0.7569712383906106, 0.05933360109267648, -0.6513153550338353], "cam_t_m2c": [-9.636829563704339, -113.56638418420388, 668.4305766706464], "obj_id": 2}],
  "203": [{"cam_R_m2c": [0.42252791164027376, -0.8942031934377966, -0.1519271703052551, -0.6099170752941492, -0.15730552503968168, -0.7771135368059424, 0.6705060056423429, 0.4203964341928321, -0.6116100948538964], "cam_t_m2c": [-3.8493608805164286, -114.71106619907445, 672.6798155127253], "obj_id": 2}],
  "206": [{"cam_R_m2c": [0.6370185494491037, -0.7523408157767487, -0.1708655206213288, -0.5392054835387533, -0.2772597474221357, -0.7958212496000131, 0.5509734521426713, 0.5984879861367447, -0.5818312370230695], "cam_t_m2c": [-0.7919571552605476, -115.24567951793975, 673.1227998182754], "obj_id": 2}],
  "209": [{"cam_R_m2c": [0.8157515984030961, -0.5509889183253548, -0.1779763183935363, -0.4324318885804888, -0.3773194727935078, -0.8196941669127181, 0.38426411164713076, 0.7450629569427524, -0.5454173220464756], "cam_t_m2c": [2.5325963035977566, -114.57444907818868, 672.4701231220384], "obj_id": 2}],
  "211": [{"cam_R_m2c": [0.9003999626441723, -0.3986501588829769, -0.17574015999669038, -0.35045587087062113, -0.42568744244872386, -0.8351207825333542, 0.2580067435268432, 0.8129857026759953, -0.522247865755764], "cam_t_m2c": [5.3561002493769365, -114.02867563330281, 670.5282211643656], "obj_id": 2}],
  "223": [{"cam_R_m2c": [0.8268432493030135, 0.5595841952600481, -0.05975562079534462, 0.2723075821717541, -0.4915806616492056, -0.8283246523517747, -0.4922253684623558, 0.6680505711548576, -0.5579979468932493], "cam_t_m2c": [-10.832796856907265, -89.86274207900578, 722.8892677234418], "obj_id": 2}],
  "225": [{"cam_R_m2c": [0.7373601798352148, 0.6747851364686744, -0.03843378542636257, 0.3510123517399339, -0.4318256114468764, -0.8319501469286469, -0.5772323403087539, 0.5993906664750525, -0.5544689915386656], "cam_t_m2c": [-10.87282818402273, -88.19279677016755, 721.6383488593854], "obj_id": 2}],
  "227": [{"cam_R_m2c": [0.5997517298711115, 0.8005609939728654, -0.010557448850236894, 0.435583582173674, -0.3382736970036569, -0.8351593303558421, -0.6713208397737579, 0.4957324223934208, -0.550864319637309], "cam_t_m2c": [-11.866396632900859, -86.34078482131514, 719.9745996105771], "obj_id": 2}],
  "228": [{"cam_R_m2c": [0.5220065618545507, 0.8534100448356738, 0.0038179181578485498, 0.4711176502934387, -0.28537413037857884, -0.8355619641417112, -0.7111006616875826, 0.4374134738868281, -0.5503414671047491], "cam_t_m2c": [-12.54463697471158, -85.44760660941847, 718.7694866531626], "obj_id": 2}],
  "240": [{"cam_R_m2c": [-0.48103226590099474, 0.8669475848652475, 0.13465879472929457, 0.48860818930187366, 0.3916596873816015, -0.7799553723676123, -0.7279952135825727, -0.3099711584224859, -0.6120382847676609], "cam_t_m2c": [-28.40335180040597, -79.5157033259517, 711.2393046162819], "obj_id": 2}],
  "247": [{"cam_R_m2c": [-0.8916279551423216, 0.42934335192850515, 0.1455125539741181, 0.20381286545966212, 0.6659722204267235, -0.7177179969134423, -0.4044339338834082, -0.6109196929116805, -0.6817338615056603], "cam_t_m2c": [-37.92528830390074, -81.81634832780627, 713.9860137415161], "obj_id": 2}],
  "248": [{"cam_R_m2c": [-0.9254639324058345, 0.351655304080074, 0.14241490085342237, 0.15296029087040194, 0.6889228275852494, -0.7086191679565255, -0.34673693875454387, -0.6346663841419812, -0.6918316737146523], "cam_t_m2c": [-39.07549268649757, -82.35758599754146, 714.2571880311132], "obj_id": 2}],
  "250": [{"cam_R_m2c": [-0.9703004943691845, 0.200564468478013, 0.13634627552288556, 0.05120284790184084, 0.718402134796887, -0.6938195607414827, -0.2366477678470482, -0.6668956696160746, -0.7078687403557228], "cam_t_m2c": [-40.40351906849469, -83.4326714498776, 714.6297256852481], "obj_id": 2}],
  "252": [{"cam_R_m2c": [-0.9923883951027506, 0.01127267037630841, 0.12343993532835479, -0.07558526562046126, 0.7329318226875854, -0.6761344106727947, -0.09777023720237173, -0.6810003545302883, -0.727089402281931], "cam_t_m2c": [-41.6465870795181, -85.33078247538094, 716.6895776044223], "obj_id": 2}],
  "256": [{"cam_R_m2c": [-0.9464262776730867, -0.3101220143151789, 0.09113094544008365, -0.29216118292236876, 0.7010640377914521, -0.6504827151281289, 0.1379348254263218, -0.6429706438726874, -0.7547327858095512], "cam_t_m2c": [-42.74680824298923, -88.46952425822309, 720.7050031929923], "obj_id": 2}],
  "257": [{"cam_R_m2c": [-0.9148872979693906, -0.3961176971320092, 0.07948031701071168, -0.3497823090898795, 0.6787645270322112, -0.6456662958291097, 0.2018428221205985, -0.6192310227566641, -0.7601657903001586], "cam_t_m2c": [-43.00507818316308, -89.33192515313306, 721.3081368844521], "obj_id": 2}],
  "258": [{"cam_R_m2c": [-0.8654004584662306, -0.49724597120946656, 0.06439727028831911, -0.4180462604815624, 0.6450483530606899, -0.6395923070513848, 0.2764530990630757, -0.5811511144501178, -0.7666999336981817], "cam_t_m2c": [-42.974653565863576, -90.52497685067789, 723.1138403925112], "obj_id": 2}],
  "262": [{"cam_R_m2c": [-0.6738037294216975, -0.7390966053415904, 0.01839258203720965, -0.5827230628243562, 0.5156758451515084, -0.6280082817925332, 0.4544549775360692, -0.43461726428392716, -0.7786664403826965], "cam_t_m2c": [-41.38036212291824, -93.66781484122043, 727.6963798058762], "obj_id": 2}],
  "270": [{"cam_R_m2c": [-0.04271688087745436, -0.9957916992576427, -0.08842228787447688, -0.7567714636781204, 0.08940794331695669, -0.6476118038911386, 0.652364337664601, 0.03850629886912236, -0.7575186538014913], "cam_t_m2c": [-36.54121511683678, -98.71539524787414, 730.9584538694427], "obj_id": 2}],
  "272": [{"cam_R_m2c": [0.14543040382641506, -0.9837334759319475, -0.1113534552906004, -0.7522590134300111, -0.03748302312528185, -0.6579995397669991, 0.6426999858238711, 0.1787205069520331, -0.7454470020484515], "cam_t_m2c": [-33.21744785180488, -99.1014226450697, 731.5844074785205], "obj_id": 2}],
  "276": [{"cam_R_m2c": [0.46743539450464394, -0.8728478727602667, -0.14420790839209868, -0.6858523155468617, -0.25578812565767245, -0.6817928395960718, 0.5578689286396715, 0.41687734388894443, -0.7179253159264454], "cam_t_m2c": [-29.860097753480886, -100.62471983209514, 734.8831496425174], "obj_id": 2}],
  "279": [{"cam_R_m2c": [0.6751865214281245, -0.720637929362868, -0.16041970333260785, -0.5875667945639804, -0.39455337813033986, -0.7071860924413089, 0.44608891408411855, 0.5710395952001369, -0.68935294785611], "cam_t_m2c": [-26.07678559182159, -100.42636653110894, 734.7877037314904], "obj_id": 2}],
  "284": [{"cam_R_m2c": [0.9229853264841257, -0.3502423120858592, -0.16087948575210173, -0.3426986367764681, -0.557828975998578, -0.7569671873430195, 0.17539297452386582, 0.7531498932601703, -0.6341708711871549], "cam_t_m2c": [-19.537233898603972, -99.01049018210168, 732.5001760020361], "obj_id": 2}],
  "285": [{"cam_R_m2c": [0.9508453037419163, -0.26870519926921604, -0.15512625186088255, -0.287083719493367, -0.5763725049991738, -0.7662169710249126, 0.11654674504875479, 0.7724440494432566, -0.6244210216484029], "cam_t_m2c": [-17.49649276964169, -98.39466837373845, 731.5545963332358], "obj_id": 2}],
  "288": [{"cam_R_m2c": [0.9882843935716585, -0.016426276824300035, -0.1524816703136172, -0.12466925107953161, -0.6629289056492718, -0.7395495330791356, -0.0886482124729444, 0.749221599258619, -0.6564068328436314], "cam_t_m2c": [-7.6842597019660275, -55.275014823281936, 766.648665707267], "obj_id": 2}],
  "289": [{"cam_R_m2c": [0.9870987068332463, 0.06941304457136374, -0.1449724234536759, -0.06318887819765358, -0.6610476466965429, -0.7490140734442622, -0.14748003033791887, 0.7478471106434398, -0.6473137430956177], "cam_t_m2c": [-6.688234553965685, -54.3482961271975, 765.400941958807], "obj_id": 2}],
  "297": [{"cam_R_m2c": [0.7351155392154163, 0.6760922218531564, -0.05482106177922533, 0.3847026056167398, -0.48302813246230136, -0.7877424131206238, -0.5583153069863818, 0.5573694592072814, -0.6144189589363357], "cam_t_m2c": [-4.1230717007223205, -46.93997368716714, 760.8565102010098], "obj_id": 2}],
  "305": [{"cam_R_m2c": [0.13399269117909837, 0.990397343960502, 0.0480241693837639, 0.6231429897957865, -0.04724501011707811, -0.7813563498203694, -0.7706139149543899, 0.1340097063262186, -0.6230811512010723], "cam_t_m2c": [-11.017571637737262, -39.784512636212355, 752.34650974904], "obj_id": 2}],
  "306": [{"cam_R_m2c": [0.050401078676025585, 0.9974494067454344, 0.06120189672628368, 0.6304699129369419, 0.015007520071489675, -0.7766834622503075, -0.7746447059472408, 0.07711722516634724, -0.6277509777356113], "cam_t_m2c": [-12.223506681062076, -39.668225723036926, 750.855177822852], "obj_id": 2}],
  "307": [{"cam_R_m2c": [-0.05652217903107245, 0.9961655496964736, 0.07538384547409574, 0.6315154865755663, 0.09337979004371712, -0.7702607750267706, -0.7733694525933953, 0.0034517516366078444, -0.6340896908819631], "cam_t_m2c": [-13.618204207186693, -39.06882118587305, 749.9652631033507], "obj_id": 2}],
  "319": [{"cam_R_m2c": [-0.8892972737001971, 0.4394640454141317, 0.12850950638272612, 0.2520686709551043, 0.7039276670464134, -0.6641825523608877, -0.38173108216957596, -0.5589586362999188, -0.7371573608191798], "cam_t_m2c": [-30.58917192334502, -39.2594440061639, 753.7377153613651], "obj_id": 2}],
  "322": [{"cam_R_m2c": [-0.9722056851581512, 0.20139673154523255, 0.12056600800790407, 0.07983868970934181, 0.766342806873737, -0.6375580210130262, -0.22033799232516432, -0.610930141304689, -0.7616021023205847], "cam_t_m2c": [-32.51594765958998, -41.40951639496066, 754.8656488884046], "obj_id": 2}],
  "328": [{"cam_R_m2c": [-0.9513510499670068, -0.2987767684773366, 0.07655191162617982, -0.28432579920891227, 0.7543978230933415, -0.5916569486060905, 0.11915087976841907, -0.5854007743658416, -0.8032035935881348], "cam_t_m2c": [-35.035872265822434, -46.36893050415273, 759.4856409432775], "obj_id": 2}],
  "329": [{"cam_R_m2c": [-0.9157436332623765, -0.3969183729920443, 0.06415841315273707, -0.3569560082344122, 0.7297982312423155, -0.5830641645617245, 0.184670224572621, -0.5576091207553183, -0.810539347940498], "cam_t_m2c": [-35.00493375927269, -47.619183726942424, 761.2251831272529], "obj_id": 2}],
  "331": [{"cam_R_m2c": [-0.8387459201897806, -0.5433072325087809, 0.04112133759578031, -0.46398592675198647, 0.6730427335933986, -0.5759086000744625, 0.2851830088824061, -0.5029000033021157, -0.8171244834723552], "cam_t_m2c": [-34.99926550396481, -49.7349202524274, 763.3851545470891], "obj_id": 2}],
  "332": [{"cam_R_m2c": [-0.7912016502588274, -0.611213444774319, 0.02937877414173737, -0.5147262990762793, 0.6391101100054113, -0.571414611775678, 0.33039930476392537, -0.46801063939826415, -0.8207778810603561], "cam_t_m2c": [-34.39306766656898, -50.508453500718076, 764.6873059401169], "obj_id": 2}],
  "336": [{"cam_R_m2c": [-0.530421616013835, -0.8477385577745952, -0.02882940300763151, -0.6923390182414018, 0.4523075799861112, -0.5620987327671728, 0.48931228392676585, -0.2789889933950364, -0.8272049424591752], "cam_t_m2c": [-32.931006083034504, -54.03144070425469, 768.6645017754549], "obj_id": 2}],
  "337": [{"cam_R_m2c": [-0.45586401470724275, -0.8896037089025137, -0.04154419513556277, -0.7232423681166934, 0.39692736796174904, -0.5650164801125679, 0.5188596812222253, -0.22832337371475742, -0.8246724466415021], "cam_t_m2c": [-32.63975937276817, -55.01025247141905, 768.8264097711476], "obj_id": 2}],
  "348": [{"cam_R_m2c": [0.45924243751759036, -0.8743280114282853, -0.160753606423811, -0.7338753937240462, -0.2720266590618064, -0.6229150097340347, 0.5006298177957724, 0.4032735720551558, -0.7662827438806663], "cam_t_m2c": [-22.434545169587068, -59.76450896244094, 773.3369286181387], "obj_id": 2}],
  "352": [{"cam_R_m2c": [0.7323046365791321, -0.657264367250071, -0.18057246389634157, -0.5856490350031569, -0.4730209271175537, -0.6590684780478024, 0.34763788997104855, 0.5876499560750277, -0.7308053641330747], "cam_t_m2c": [-17.500825432089073, -59.64810014311809, 773.1237235642672], "obj_id": 2}],
  "358": [{"cam_R_m2c": [0.967253210703348, -0.19130466739729254, -0.16779856789421735, -0.25227969924114424, -0.646357305680699, -0.7213731268919792, 0.029717724716148527, 0.7393932399365516, -0.6726949845659203], "cam_t_m2c": [-9.581370132650818, -56.96590477279261, 768.7640181344714], "obj_id": 2}],
  "359": [{"cam_R_m2c": [0.9806764556020185, -0.11183938945716146, -0.16137624464399475, -0.194421125781859, -0.65666278433665, -0.7299806555800323, -0.024103640978797997, 0.7465678328374793, -0.6649361900160148], "cam_t_m2c": [-8.481643778675675, -56.25856316579046, 767.6756979339618], "obj_id": 2}],
  "365": [{"cam_R_m2c": [0.919680638727374, 0.3755512484830327, -0.11568301548620535, 0.22005507436378247, -0.7367464876764236, -0.6409462405475831, -0.32537705653118537, 0.5632436972904591, -0.7595126920364029], "cam_t_m2c": [-13.353249775875952, -65.70913940044431, 735.7599065726944], "obj_id": 2}],
  "367": [{"cam_R_m2c": [0.8314832966158061, 0.5487745420658799, -0.08851425311693051, 0.3682504615084121, -0.6639283550451041, -0.6523208001850341, -0.41609392015504054, 0.5090414829168721, -0.7534566423561326], "cam_t_m2c": [-12.798162807306653, -63.138692458729224, 734.5759057531806], "obj_id": 2}],
  "371": [{"cam_R_m2c": [0.6162345563234793, 0.7869263637569157, -0.04073258351182606, 0.5740961449257057, -0.48468264179442866, -0.661139227901318, -0.5392360273793559, 0.38328477362208746, -0.7498599410058442], "cam_t_m2c": [-13.545593342594373, -58.59849936498995, 732.6977208107714], "obj_id": 2}],
  "372": [{"cam_R_m2c": [0.5414483579251678, 0.8407568895636185, -0.026746083766368996, 0.621047583285624, -0.42189115310045927, -0.6616649505923609, -0.5667809264827904, 0.3409008535236576, -0.7500254974388615], "cam_t_m2c": [-14.332949571129987, -57.29056651548069, 732.0589147666644], "obj_id": 2}],
  "380": [{"cam_R_m2c": [-0.12414059576005111, 0.9903341865966451, 0.07094211121618764, 0.7596789091598958, 0.1401889344417837, -0.6355026729061961, -0.6384230406843551, -0.02574771349874562, -0.7695178117218655], "cam_t_m2c": [-24.061882091984558, -51.22149251723164, 725.6418056771894], "obj_id": 2}],
  "387": [{"cam_R_m2c": [-0.6568890684207408, 0.7452075743837782, 0.11850975128977874, 0.5676279162135738, 0.5913275650831729, -0.5730801536079002, -0.49638922095847565, -0.30995961522732046, -0.8115347625453908], "cam_t_m2c": [-32.89621319585501, -50.5819417032361, 727.6888000069441], "obj_id": 2}],
  "389": [{"cam_R_m2c": [-0.783813810674971, 0.6099875368626825, 0.11931131946223787, 0.4622292539819266, 0.7003314578768729, -0.5441954394879885, -0.41483373556608494, -0.3721944258698583, -0.8310657874540925], "cam_t_m2c": [-37.11537865090611, -50.985887098528146, 727.4771657490849], "obj_id": 2}],
  "390": [{"cam_R_m2c": [-0.8386748037333803, 0.5320094742664345, 0.11905248301608036, 0.3993512304969339, 0.748159261240201, -0.5301352187839432, -0.3704729311844679, -0.39787097765067725, -0.8401412010042562], "cam_t_m2c": [-38.933367015695694, -51.35891418650445, 728.2246618753188], "obj_id": 2}],
  "394": [{"cam_R_m2c": [-0.9700308019788036, 0.21779040853108061, 0.1090162016470497, 0.1387738189092744, 0.8620803253036492, -0.4876778830796601, -0.19972244424278887, -0.45876185398628155, -0.8667986223736155], "cam_t_m2c": [-42.48672657363227, -54.349632911788774, 728.9062157932713], "obj_id": 2}],
  "400": [{"cam_R_m2c": [-0.951823347586609, -0.30017931535046827, 0.06419050126062636, -0.29716511688238517, 0.8498461617384984, -0.43547615787541094, 0.0763689791109308, -0.43443247867721113, -0.8984955239720583], "cam_t_m2c": [-45.054966435362246, -60.531250559913246, 732.8571942468633], "obj_id": 2}],
  "404": [{"cam_R_m2c": [-0.7993367383592467, -0.6008984403257852, 0.020520084649972715, -0.554686876453581, 0.7243289433552106, -0.40954575667491827, 0.2312794736727056, -0.33962659286579827, -0.9126365003347452], "cam_t_m2c": [-43.79023167828336, -65.02568646856173, 737.2116286448208], "obj_id": 2}],
  "413": [{"cam_R_m2c": [-0.14481602814409616, -0.9849471265686366, -0.10073558256497037, -0.8908207386255149, 0.17369303442685297, -0.4197632461534595, 0.43078267781013685, 0.028063029915630974, -0.9026102217314845], "cam_t_m2c": [-39.59538217056877, -73.75494387496599, 741.3953569180705], "obj_id": 2}],
  "414": [{"cam_R_m2c": [-0.05364345026109337, -0.9926506521132998, -0.11427335270810456, -0.9026097824981303, 0.09675133563135639, -0.4194117038418778, 0.4272292820254214, 0.07975895391936166, -0.9011601498131527], "cam_t_m2c": [-39.14461026296698, -75.12433875479473, 738.8931548678036], "obj_id": 2}],
  "416": [{"cam_R_m2c": [0.10292652177597719, -0.9860564069880503, -0.13577979330313567, -0.9007589529458008, -0.03488899241489394, -0.4330030122502768, 0.422074023136429, 0.16599138523995605, -0.891698637479168], "cam_t_m2c": [-36.947266135808604, -75.7157885279043, 741.0161438475468], "obj_id": 2}],
  "422": [{"cam_R_m2c": [0.5850650540349175, -0.7909471308481613, -0.18219871339983434, -0.7519188398911694, -0.445187467855041, -0.48697624273926726, 0.3040128978995809, 0.42105625645479394, -0.8548168862459317], "cam_t_m2c": [-29.742072785865048, -76.16950628705553, 743.9203769377277], "obj_id": 2}],
  "423": [{"cam_R_m2c": [0.6480322913417718, -0.7394116142208701, -0.1853067632208358, -0.7099235654940314, -0.49861083241737963, -0.49824093934586267, 0.27598832243240823, 0.4535804984199305, -0.8476269948062094], "cam_t_m2c": [-27.88920282877484, -76.35417617789096, 743.8916610558647], "obj_id": 2}],
  "425": [{"cam_R_m2c": [0.7783062390618045, -0.5987510012277519, -0.1911643296206235, -0.5963391573304521, -0.6097160040251344, -0.5232410456916382, 0.1967890405324206, 0.5204048160987191, -0.8311011626393927], "cam_t_m2c": [-25.234320133581946, -75.80147869236188, 743.1306767285284], "obj_id": 2}],
  "427": [{"cam_R_m2c": [0.8701311563470273, -0.45462595105611425, -0.19184551325417903, -0.4790777468104092, -0.6886806052843725, -0.5455481560002935, 0.11603099072389915, 0.5657843013441491, -0.8164720966803657], "cam_t_m2c": [-23.31034430331954, -74.93157983295342, 742.4560775176354], "obj_id": 2}],
  "429": [{"cam_R_m2c": [0.9352656203294976, -0.30198506044862816, -0.18582114358506577, -0.352516846368653, -0.7446690621911658, -0.5682001649086971, 0.033422774458000175, 0.5961129448247028, -0.8022925593720931], "cam_t_m2c": [-20.579176194630804, -73.87866327798511, 741.3599763505465], "obj_id": 2}],
  "444": [{"cam_R_m2c": [0.5085197219222816, 0.8611354191499866, -0.0253226612860409, 0.6878047334088688, -0.4243637817436504, -0.5900770076816524, -0.5181112386739507, 0.28184873559322654, -0.8076026710267933], "cam_t_m2c": [11.231874398089701, -22.999730718294018, 705.8745116743728], "obj_id": 2}],
  "456": [{"cam_R_m2c": [-0.4816466061891724, 0.8708192408820747, 0.10369349904157911, 0.7167930567163696, 0.45882301996449126, -0.5253741813659871, -0.504312550826205, -0.17953522736819885, -0.8451531196401615], "cam_t_m2c": [-2.8886117044867206, -16.22569819460921, 702.4998509723084], "obj_id": 2}],
  "457": [{"cam_R_m2c": [-0.555786633133205, 0.8249967318746321, 0.10710439475554631, 0.6794158888693699, 0.5242709665756149, -0.513654906637409, -0.4791682686361959, -0.21353674561209904, -0.851904564934987], "cam_t_m2c": [-5.42829548293696, -15.935442804302767, 702.6747906042385], "obj_id": 2}],
  "462": [{"cam_R_m2c": [-0.8539661074137707, 0.5078034662392201, 0.11586979009374529, 0.4102575824321425, 0.792944057370257, -0.45083104060973606, -0.3202147185248659, -0.33830895342444284, -0.8856521887820563], "cam_t_m2c": [-12.372169325792584, -17.694983121822162, 703.4695591241384], "obj_id": 2}],
  "465": [{"cam_R_m2c": [-0.9586645608339665, 0.2638733054995108, 0.10788612641482782, 0.19810092689507594, 0.8889258577363767, -0.41343843321038054, -0.2045121178428416, -0.37584480205301307, -0.9047007349718973], "cam_t_m2c": [-15.44690871511591, -19.952103669701785, 704.0723056179133], "obj_id": 2}],
  "469": [{"cam_R_m2c": [-0.9927236320026951, -0.08732215670030935, 0.08385506016471304, -0.11234604077820583, 0.9219021662772228, -0.37127012918210334, -0.04455556781301025, -0.3788784518757352, -0.9253004377593124], "cam_t_m2c": [-18.19835437844506, -23.98942411269536, 705.7096936752424], "obj_id": 2}],
  "471": [{"cam_R_m2c": [-0.9680643950484076, -0.24170316866809338, 0.06786091607518244, -0.24965598918421836, 0.9008277804169014, -0.3556890711498039, 0.025102324333574802, -0.36216917152854833, -0.9327026435710767], "cam_t_m2c": [-18.69183403967014, -26.09827459974497, 707.057930373116], "obj_id": 2}],
  "475": [{"cam_R_m2c": [-0.8253846561305392, -0.5645309838839575, 0.021089845423597757, -0.5385289979788779, 0.7756081255193624, -0.329553565779441, 0.1698048357888911, -0.28427861139119515, -0.9444595363833449], "cam_t_m2c": [-18.807754471347153, -31.1568243526159, 710.4265845545035], "obj_id": 2}],
  "477": [{"cam_R_m2c": [-0.7191107488895436, -0.6952846212544147, -0.005990942755120263, -0.6565343593008989, 0.6822587702704467, -0.3218477318659979, 0.22792404744106892, -0.22842885689562575, -0.9473290677327278], "cam_t_m2c": [-18.701179873446694, -33.50510954317804, 711.8358353869965], "obj_id": 2}],
  "483": [{"cam_R_m2c": [-0.2827163587576706, -0.9561245543485201, -0.08388393955041269, -0.8966878633465873, 0.2941687233785403, -0.3306656514773545, 0.3407774538679555, -0.019187512757616786, -0.9405731589710843], "cam_t_m2c": [-14.335943870513233, -39.650461650783086, 714.497659305217], "obj_id": 2}],
  "486": [{"cam_R_m2c": [-0.02994900557760839, -0.9923126679212316, -0.1254393310591444, -0.9370011350004019, 0.07125192202352908, -0.3419513075793184, 0.3481936298619173, 0.10637821938918458, -0.9318735611335193], "cam_t_m2c": [-13.326961365671934, -41.90881162651783, 713.7676002203558], "obj_id": 2}],
  "487": [{"cam_R_m2c": [0.06157670089447684, -0.9896260657327013, -0.1348618981916697, -0.9358449034000544, -0.010586513477068803, -0.3522947960578842, 0.3471448609702458, 0.14698885942384166, -0.9266902335618454], "cam_t_m2c": [-12.823483089770775, -44.306795854300276, 716.8516870494088], "obj_id": 2}],
  "489": [{"cam_R_m2c": [0.2474192053443574, -0.9568478335491285, -0.1567215484192384, -0.912514524073507, -0.17603631535111536, -0.36947730900360304, 0.32589552244242376, 0.233518751801963, -0.9165036366746215], "cam_t_m2c": [-8.472578991013734, -43.21935345006426, 716.5959589897913], "obj_id": 2}],
  "497": [{"cam_R_m2c": [0.7961128692397794, -0.5735449349728006, -0.19501121731324195, -0.5914809136192548, -0.6692469973977564, -0.4510158375503783, 0.12830298124982115, 0.4735317863867273, -0.8715557903654004], "cam_t_m2c": [1.7902428276125875, -42.765147049930874, 716.1101468128431], "obj_id": 2}],
  "503": [{"cam_R_m2c": [0.979736963129019, -0.10236465191176532, -0.1729783014625021, -0.17856761582248384, -0.8369852674124948, -0.5190381850635619, -0.09130175950485356, 0.5385673482757696, -0.8376944577712174], "cam_t_m2c": [9.628173445290486, -38.7540873513683, 712.8034485737562], "obj_id": 2}],
  "512": [{"cam_R_m2c": [0.7787254480875186, 0.6263377437083555, -0.04172796870587016, 0.5242558777266404, -0.6863733567122879, -0.5056639754733188, -0.34474534784063654, 0.37103931606097607, -0.8623321789535175], "cam_t_m2c": [-2.4889143197496537, -15.107382379807632, 708.478326211954], "obj_id": 2}],
  "517": [{"cam_R_m2c": [0.44988335849532074, 0.8933251996736433, 0.022014632124038147, 0.773903449229374, -0.3780074998324508, -0.509209426522273, -0.44585357968017414, 0.24527108978772705, -0.8609734491883436], "cam_t_m2c": [-5.09210186988588, -8.810983261763113, 706.4126454638146], "obj_id": 2}],
  "521": [{"cam_R_m2c": [0.11926189880682235, 0.990978849079151, 0.07021689378545573, 0.8677904610538143, -0.07012115071980994, -0.49263975501887136, -0.48251776110099187, 0.1188343687458566, -0.868003321793473], "cam_t_m2c": [-9.440046474395842, -4.489139576324476, 704.3830550142112], "obj_id": 2}],
  "528": [{"cam_R_m2c": [-0.45731310675593806, 0.8791247898804615, 0.13841117106764095, 0.7644711071163787, 0.4675216169731955, -0.4441982099574896, -0.45448380646143377, -0.09818703026458635, -0.8857676870514484], "cam_t_m2c": [-17.980799107500275, -3.360322118293766, 703.3419051897514], "obj_id": 2}],
  "529": [{"cam_R_m2c": [-0.5360788387994601, 0.8325880490276234, 0.14317055268318257, 0.7237636441002134, 0.5399540924671129, -0.4300160999383347, -0.43461786861103646, -0.12776650768726366, -0.891987889090386], "cam_t_m2c": [-20.47915518931211, -2.9566417294720964, 703.44847442149], "obj_id": 2}],
  "536": [{"cam_R_m2c": [-0.926217400113699, 0.3469927687609928, 0.14882799496043078, 0.2827431160944979, 0.8989733275946153, -0.33521098211796907, -0.24956894179983746, -0.2692965155320735, -0.930880164801414], "cam_t_m2c": [-29.97487066390397, -6.229049325393248, 704.3822284593108], "obj_id": 2}],
  "544": [{"cam_R_m2c": [-0.9460166142230707, -0.31013446123202604, 0.09525308816674169, -0.32422334383484075, 0.9102315377521181, -0.25849831343864116, -0.006230569765323678, -0.2763563265275824, -0.9618521704475389], "cam_t_m2c": [-34.72395922883635, -14.693305160693853, 707.2278444842389], "obj_id": 2}],
  "545": [{"cam_R_m2c": [-0.9141160699250013, -0.3970496113491857, 0.08359882309466726, -0.4047167167353186, 0.8794813852384048, -0.25127906194670413, 0.02651688932777012, -0.2644648810011983, -0.9648441482192597], "cam_t_m2c": [-34.871353350283556, -16.069406747965786, 707.950872039055], "obj_id": 2}],
  "546": [{"cam_R_m2c": [-0.8708915894866047, -0.48676247603742234, 0.07013296051811461, -0.4878943962910523, 0.8383860500718869, -0.24380828089220696, 0.060115399490641534, -0.24748474811422863, -0.9678289935969137], "cam_t_m2c": [-34.873769500487185, -17.51299743399204, 708.7823100574819], "obj_id": 2}],
  "547": [{"cam_R_m2c": [-0.8281634762603005, -0.5577915872344671, 0.05820449951206633, -0.5537384416821763, 0.7977322978426377, -0.23942265657852527, 0.08732642384224584, -0.23145038465402334, -0.9697129009020067], "cam_t_m2c": [-34.88540345204417, -18.83841597318485, 709.431166494021], "obj_id": 2}],
  "548": [{"cam_R_m2c": [-0.7855837921701495, -0.6173244430295212, 0.046999764158699844, -0.6089943390804824, 0.757594278435888, -0.2354971837720241, 0.109958996762294, -0.21456689557273964, -0.9712806914425784], "cam_t_m2c": [-35.17641688083883, -19.990252505982312, 710.0724178675534], "obj_id": 2}],
