{
  "0": [{"cam_R_m2c": [0.9954476488280182, 0.09663643296844676, -0.009027787322831174, 0.020692778302394334, -0.3042881422296281, -0.9524575126663934, -0.09466476948840387, 0.9477890390973214, -0.3047053719916018], "cam_t_m2c": [-40.91773713933628, -141.308578288812, 690.2141689804268], "obj_id": 1}],
  "1": [{"cam_R_m2c": [0.9831138137677765, 0.18398402757715726, -0.001958850467764403, 0.054105942627130546, -0.30041344148234034, -0.9523681624578363, -0.17568552357895442, 0.9360210478848029, -0.3051117775225119], "cam_t_m2c": [-38.59371074352026, -142.20088402379204, 693.1697107220002], "obj_id": 1}],
  "3": [{"cam_R_m2c": [0.9372397144406621, 0.34918362040920103, 0.008299528776900898, 0.11514667476240785, -0.28707689125097713, -0.9510430297379336, -0.32958862104309267, 0.892127523049863, -0.3091125188162669], "cam_t_m2c": [-37.958846563562304, -143.6327810809695, 694.6453769088375], "obj_id": 1}],
  "6": [{"cam_R_m2c": [0.8031530077519541, 0.5952356392537237, 0.03321938979479334, 0.2150560459288254, -0.23763406301239143, -0.94730657001332, -0.5558793046326836, 0.7677619058633489, -0.3187614686434488], "cam_t_m2c": [-35.356362420339366, -149.31956633983725, 694.9423845588532], "obj_id": 1}],
  "11": [{"cam_R_m2c": [0.49104621930249837, 0.8697586313183859, 0.053084035327199186, 0.31691139561421, -0.12166697412914886, -0.9406493860443128, -0.8116319803207033, 0.4784881906116615, -0.3353551643775695], "cam_t_m2c": [-26.811288956940245, -151.15111680256086, 698.6576712834903], "obj_id": 1}],
  "12": [{"cam_R_m2c": [0.4078308015583675, 0.9114938187301844, 0.057037968857187565, 0.3321860807817711, -0.09000879546120016, -0.9389348830727416, -0.8506656904656181, 0.4016358691589851, -0.33948516789450345], "cam_t_m2c": [-23.835355501915842, -151.26703095401945, 699.7049609058091], "obj_id": 1}],
  "14": [{"cam_R_m2c": [0.24934837726592723, 0.9668358139470302, 0.05830057773733633, 0.34901126647367303, -0.03363902208882555, -0.9365333643297359, -0.9035055136900271, 0.2536352049853252, -0.345844757098192], "cam_t_m2c": [-19.118270938395312, -149.43161480049787, 701.5710005240367], "obj_id": 1}],
  "17": [{"cam_R_m2c": [-0.01618843550450987, 0.9980130228808207, 0.06288429975826176, 0.36035224440869534, 0.06441706630307333, -0.9305997459813443, -0.9328396778259956, 0.00737407493208376, -0.3607380992508284], "cam_t_m2c": [-11.783526887784774, -148.7172479937641, 700.4996917303997], "obj_id": 1}],
  "19": [{"cam_R_m2c": [-0.1934254848629478, 0.9790303068644068, 0.0653497961604186, 0.3558303720206206, 0.13200912405430126, -0.9251863649172868, -0.9144818229640722, -0.1559071999729249, -0.37398107604098446], "cam_t_m2c": [-7.237631760275008, -148.82335402574412, 698.8452468788569], "obj_id": 1}],
  "21": [{"cam_R_m2c": [-0.35580604893110307, 0.9325967945448289, 0.06165130946258798, 0.33962090453308424, 0.19042640083670448, -0.9210873377693265, -0.8708417800836058, -0.3069771381783615, -0.3845768610570239], "cam_t_m2c": [-2.7111613004673245, -148.18624102193692, 696.8603408490867], "obj_id": 1}],
  "26": [{"cam_R_m2c": [-0.7231023636277906, 0.6890838275602663, 0.048787878960211056, 0.247992854801345, 0.3248371577640547, -0.9126771543134855, -0.6449249964684071, -0.6479801355533544, -0.4058847451325913], "cam_t_m2c": [7.1217642831902594, -143.08744969053294, 688.3265463006782], "obj_id": 1}],
  "28": [{"cam_R_m2c": [-0.8357656856366257, 0.5475460774524207, 0.0425046699611883, 0.195533923832162, 0.36899196153164043, -0.9086306033061485, -0.513388618980002, -0.7511805204177583, -0.41555515258739795], "cam_t_m2c": [6.265405398010557, -141.56105605078557, 688.0756682495778], "obj_id": 1}],
  "29": [{"cam_R_m2c": [-0.8829173370458494, 0.4681893596380399, 0.03733498246101044, 0.16620145633921019, 0.38580130965190296, -0.907487036239732, -0.43947674264808423, -0.7951036945831712, -0.41853981762185716], "cam_t_m2c": [8.31254390072229, -140.40522410287036, 684.4733605556669], "obj_id": 1}],
  "38": [{"cam_R_m2c": [-0.964252372385076, -0.2655851317305076, -0.008762622941151993, -0.10898240547739914, 0.4249372265158124, -0.8986521255202262, 0.24216923793007455, -0.8655211028504222, -0.43869102164845325], "cam_t_m2c": [6.6179456928909985, -134.1774805867007, 669.0469268525774], "obj_id": 1}],
  "42": [{"cam_R_m2c": [-0.8228435116238932, -0.5677309098882942, -0.03274383005065134, -0.21851990720462963, 0.3685359864268357, -0.9035975512775579, 0.5248650664046521, -0.7362721720140668, -0.4272487085087566], "cam_t_m2c": [-3.3308452873710053, -130.16687964591884, 658.8098235100708], "obj_id": 1}],
  "43": [{"cam_R_m2c": [-0.764844536810359, -0.6434597276215208, -0.037934302740992194, -0.252360077089639, 0.35280599025267206, -0.9010621545919405, 0.5929864803480881, -0.6795008427089878, -0.4321461475599283], "cam_t_m2c": [-0.8940720112527316, -131.67506417246523, 662.0866274031189], "obj_id": 1}],
  "44": [{"cam_R_m2c": [-0.7067879642803292, -0.7065391314038859, -0.04144582016849933, -0.27324686018911554, 0.32615532618145576, -0.9050094797229957, 0.652757686309589, -0.6282189314512034, -0.4234882816810211], "cam_t_m2c": [-6.597392497278165, -130.36634003469197, 655.8182559522712], "obj_id": 1}],
  "45": [{"cam_R_m2c": [-0.6491265553022312, -0.7596410571353085, -0.045148436172351536, -0.2952046930588873, 0.3057884941817912, -0.9052308660887737, 0.7012806310901057, -0.5741713346765307, -0.4226357236689585], "cam_t_m2c": [-8.089372134166963, -130.52122045967906, 654.8179085130647], "obj_id": 1}],
  "54": [{"cam_R_m2c": [0.10047224557075206, -0.9923846697175386, -0.07277570131206865, -0.3817456149365102, 0.028919324704490015, -0.923936650208979, 0.9189566823779662, 0.12070719094713335, -0.3756952140077956], "cam_t_m2c": [-26.11625453203834, -129.05938677737095, 655.2436052852512], "obj_id": 1}],
  "56": [{"cam_R_m2c": [0.28002549657646303, -0.957235114361391, -0.0737939893560773, -0.37000906830152563, -0.03681996729676286, -0.928431697956388, 0.8859935763182616, 0.2873657875331986, -0.36424060666273206], "cam_t_m2c": [-29.58770010131559, -129.8594071450463, 656.0297023886419], "obj_id": 1}],
  "64": [{"cam_R_m2c": [0.8324180971660362, -0.5514125694460542, -0.05603443986684813, -0.22372479670530374, -0.2416478142825179, -0.9443650905741998, 0.5072800210709033, 0.7986139739186426, -0.3242481550820114], "cam_t_m2c": [-40.132841925591265, -135.0643211875008, 668.7878699446976], "obj_id": 1}],
  "65": [{"cam_R_m2c": [0.8756017594315828, -0.4801775752889523, -0.053702622043949044, -0.2004751953143223, -0.2597074904903348, -0.9447914860826933, 0.4398146818713359, 0.8379829208727192, -0.32339970358420694], "cam_t_m2c": [-41.39394322400483, -136.51550727539347, 671.0501622011785], "obj_id": 1}],
  "66": [{"cam_R_m2c": [0.9091946842011034, -0.41399329178355687, -0.04612093460732701, -0.1744806234004766, -0.27765031060056966, -0.9448448392634382, 0.37845382159865837, 0.8670372882496282, -0.32441221309778123], "cam_t_m2c": [-45.12717919784154, -137.14275402620893, 676.9003694327049], "obj_id": 1}],
  "73": [{"cam_R_m2c": [0.9706504400347358, 0.23837299456363736, -0.037230002003726864, 0.08967962636194252, -0.5006498163789136, -0.8611253167605482, -0.22383259213981221, 0.8323231939702634, -0.5071286101113817], "cam_t_m2c": [-25.237580962620882, -155.6392371669475, 652.0129757835563], "obj_id": 1}],
  "75": [{"cam_R_m2c": [0.9226667396194206, 0.38518930914374067, -0.026940165044819494, 0.17432126912033516, -0.4783528761794714, -0.8608022717787402, -0.344389063472937, 0.7893298878124292, -0.5083266900632929], "cam_t_m2c": [-23.672874573457477, -157.59273369936125, 654.4595168016763], "obj_id": 1}],
  "77": [{"cam_R_m2c": [0.8448462272265926, 0.5352021589452463, -0.01526312075609412, 0.2623656363482147, -0.4390497894302416, -0.859388266876765, -0.46658852614910196, 0.7218225600301644, -0.5111957854501383], "cam_t_m2c": [-19.861250485598816, -159.53568716834286, 657.8731385859982], "obj_id": 1}],
  "82": [{"cam_R_m2c": [0.542151506121369, 0.8405029201068912, 0.006804056661766765, 0.44377359173440006, -0.2794988576825372, -0.8514774305725433, -0.7137523789139635, 0.46440190384844815, -0.5244445635454169], "cam_t_m2c": [-10.705176370334598, -162.76616431429716, 662.5747639507615], "obj_id": 1}],
  "85": [{"cam_R_m2c": [0.30661809559592357, 0.9518998204319911, 0.014897063956279554, 0.5154942827721384, -0.15292337118483118, -0.8431614222905424, -0.8003478211772597, 0.2659604774465605, -0.5375491731716574], "cam_t_m2c": [-4.618331274697198, -163.49899354034608, 663.024332978851], "obj_id": 1}],
  "87": [{"cam_R_m2c": [0.13099920998575337, 0.9913157979204915, 0.02050187979626487, 0.5414061482008028, -0.054233621869552925, -0.8390282205369013, -0.8306770223008371, 0.1207707518577508, -0.5437955827730514], "cam_t_m2c": [-1.2964808561297332, -163.11277314709542, 660.941198002399], "obj_id": 1}],
  "94": [{"cam_R_m2c": [-0.4692029824634802, 0.8827844641391455, 0.025410321004740628, 0.5027619158382268, 0.29064282396856905, -0.8141126914036813, -0.7262125461045646, -0.3693942614284133, -0.5802387648624744], "cam_t_m2c": [12.848220544926107, -160.3203788308764, 655.5056234268013], "obj_id": 1}],
  "99": [{"cam_R_m2c": [-0.7924253866601794, 0.610013436185655, 0.007237078656738209, 0.3624945898236009, 0.48032186340496064, -0.7986903723736971, -0.4908822780280873, -0.6304033537471302, -0.6017836932801395], "cam_t_m2c": [18.45528008277188, -155.6261897083106, 649.4975227507794], "obj_id": 1}],
  "106": [{"cam_R_m2c": [-0.9991049986141801, 0.03666771808557338, -0.027292385658971012, 0.044079907657897294, 0.6148651358553637, -0.7874018525751658, -0.012322751345548178, -0.7879278156501389, -0.6159186241649777], "cam_t_m2c": [21.72255945307404, -147.193606078239, 635.7443407074654], "obj_id": 1}],
  "111": [{"cam_R_m2c": [-0.921876572534177, -0.38420209506136854, -0.05453550510843069, -0.19775853381865302, 0.5858724855293741, -0.7859165490374256, 0.33367780557853105, -0.7137058331273288, -0.6160058802454553], "cam_t_m2c": [18.245445344654, -141.84141396668647, 628.8021108865851], "obj_id": 1}],
  "113": [{"cam_R_m2c": [-0.854696963676259, -0.5155855773124483, -0.06429168231887294, -0.2755748598460969, 0.5545280105403073, -0.7852340725050234, 0.4402922882881642, -0.6533790187461307, -0.6159352336157029], "cam_t_m2c": [15.819041374533555, -139.67744567721581, 625.8978160506754], "obj_id": 1}],
  "115": [{"cam_R_m2c": [-0.7294790585878831, -0.6798640748440749, -0.07826761215022955, -0.3724316081791285, 0.49010898792261137, -0.7881336933310544, 0.5739866129937008, -0.545721406158452, -0.6105913198232518], "cam_t_m2c": [11.365557727301052, -137.58045851343792, 623.2722153700427], "obj_id": 1}],
  "116": [{"cam_R_m2c": [-0.6805111248646177, -0.7284491430737775, -0.08211993497503552, -0.40138412862140677, 0.4637741092448018, -0.7898634403068912, 0.6132707716740878, -0.5044892272999743, -0.6078439861345037], "cam_t_m2c": [9.935040215714317, -136.98995651762135, 622.9982573576516], "obj_id": 1}],
  "119": [{"cam_R_m2c": [-0.4712569927205672, -0.8770280063768177, -0.09577762045461098, -0.4929466484987892, 0.3515523231829982, -0.7959600560587577, 0.7315915728661314, -0.327821269175248, -0.5978097148992646], "cam_t_m2c": [4.487734006957908, -135.17491110254178, 621.1279038837606], "obj_id": 1}],
  "132": [{"cam_R_m2c": [0.6118642530115247, -0.7842098657032895, -0.10359399908660295, -0.4795742801524163, -0.26363768552284716, -0.8371939903156361, 0.6292346335081983, 0.5619109745016176, -0.5371003154215643], "cam_t_m2c": [-25.325528933610485, -138.92606408893013, 629.320709091791], "obj_id": 1}],
  "134": [{"cam_R_m2c": [0.7356559502259302, -0.670026184160633, -0.09984980582409612, -0.42087588911404394, -0.33649601677446145, -0.8426325501276826, 0.5310174616260676, 0.6618679211687167, -0.5292471354451488], "cam_t_m2c": [-28.444719738617323, -141.0990545215739, 632.8982988742221], "obj_id": 1}],
  "136": [{"cam_R_m2c": [0.8517532030257006, -0.5159664582752173, -0.0917329463932739, -0.3374051379612436, -0.40574839452069356, -0.8496543642146325, 0.40122313318965597, 0.7545732841221474, -0.5193985202715242], "cam_t_m2c": [-30.579768117290882, -143.45534865546313, 636.4701172455108], "obj_id": 1}],
  "137": [{"cam_R_m2c": [0.8884197914041392, -0.4505371886744484, -0.08867009868042446, -0.301897718987999, -0.427286667214931, -0.8524449069610184, 0.3462278103427218, 0.7840128462037114, -0.5153421120303341], "cam_t_m2c": [-30.94343971161902, -144.6199709968925, 637.7424973023224], "obj_id": 1}],
  "146": [{"cam_R_m2c": [0.9606159072114114, 0.27766358799517543, -0.022503884138487036, 0.1274706561595882, -0.5107537420622086, -0.8503521880139534, -0.24753581044856113, 0.8137981002366641, -0.5258298103623238], "cam_t_m2c": [-45.12464017356524, -93.35092169239522, 717.899215719003], "obj_id": 1}],
  "150": [{"cam_R_m2c": [0.8134553662469737, 0.5820130955629553, 0.0011051547635022856, 0.30912060586165574, -0.4307619628426044, -0.8479508395771578, -0.4929913628995558, 0.6898831604959608, -0.5301700610221829], "cam_t_m2c": [-39.387547401462086, -97.26007127253382, 724.2832220529581], "obj_id": 1}],
  "153": [{"cam_R_m2c": [0.648849625538674, 0.7610774938293677, 0.01416863929578221, 0.4167432107424476, -0.3397789610718267, -0.8431846444613279, -0.6368869999655119, 0.5527613659579863, -0.5375323894286594], "cam_t_m2c": [-34.167968570709405, -99.23139480354104, 727.848196908006], "obj_id": 1}],
  "155": [{"cam_R_m2c": [0.4946087556886821, 0.8690476822146851, 0.023062812590047894, 0.48292781226353143, -0.2527179573759417, -0.8384348520880949, -0.7228060218887501, 0.42558626560198604, -0.5446074631388927], "cam_t_m2c": [-29.365553362221746, -100.24528624705368, 729.3591885894932], "obj_id": 1}],
  "159": [{"cam_R_m2c": [0.17488886975360918, 0.9841817969118202, 0.03329998605893405, 0.5583070011382635, -0.07128124727787417, -0.8265862032570319, -0.8111799060535655, 0.1629082582733969, -0.5619150738057676], "cam_t_m2c": [-20.923150817441353, -100.84681338364737, 728.6731742922755], "obj_id": 1}],
  "162": [{"cam_R_m2c": [-0.1251226163144954, 0.9914277265441332, 0.0402088863700103, 0.5674857395874985, 0.10473464295361852, -0.8167108027663843, -0.8140085611819998, -0.07959663699748853, -0.5757333846921973], "cam_t_m2c": [-14.71540665902512, -100.51307997244317, 724.7090105271022], "obj_id": 1}],
  "165": [{"cam_R_m2c": [-0.35529399798065525, 0.934023513433266, 0.038704542097692425, 0.5391894873505658, 0.23856945212915698, -0.8077035984158986, -0.7637712625707146, -0.26630547305142954, -0.588403817520427], "cam_t_m2c": [-9.246910315054834, -98.40725666896037, 722.9789482233996], "obj_id": 1}],
  "166": [{"cam_R_m2c": [-0.4245101423077322, 0.9047078110714187, 0.037557514640178084, 0.5232643398317958, 0.2789509765507919, -0.8052369359715665, -0.7391152004830042, -0.3223723559533552, -0.5918489624343782], "cam_t_m2c": [-7.534085879615645, -97.65304310385471, 722.3476448883554], "obj_id": 1}],
  "167": [{"cam_R_m2c": [-0.5126197283818446, 0.8579610833867802, 0.03498446052066866, 0.498690770061807, 0.33062380309565004, -0.8012621050810188, -0.6991667162847728, -0.39347757812509826, -0.5973753297394433], "cam_t_m2c": [-6.2268575398763915, -96.52051688502613, 722.0875572507305], "obj_id": 1}],
  "169": [{"cam_R_m2c": [-0.6492436583509426, 0.7600463336263318, 0.03003486569143381, 0.44666262298344533, 0.41289144301317443, -0.7937493696056862, -0.61585790242768, -0.5020798181137082, -0.6075870660443664], "cam_t_m2c": [-3.8020646571753787, -94.82538614108282, 719.8837968876319], "obj_id": 1}],
  "174": [{"cam_R_m2c": [-0.912307783687452, 0.4096462037712247, 0.006658840431528561, 0.2522690493674575, 0.5743980543977735, -0.778743898285051, -0.3230489023723788, -0.7088657419284939, -0.627388134739585], "cam_t_m2c": [-0.07955287065090033, -89.31731497970242, 711.4495502575061], "obj_id": 1}],
  "185": [{"cam_R_m2c": [-0.8602992963531854, -0.5078003504550842, -0.04986388346896389, -0.2885548829931537, 0.5645814432842916, -0.7733177381564942, 0.4206269083306531, -0.6508613501994069, -0.6321356592415656], "cam_t_m2c": [-4.537587005505145, -76.02379023888852, 692.3495168728525], "obj_id": 1}],
  "186": [{"cam_R_m2c": [-0.8117159679923596, -0.5818305652931464, -0.05533667639697948, -0.33294505442581906, 0.5379280614579308, -0.7744867731213906, 0.4801775380509554, -0.6101970761119215, -0.630246170626399], "cam_t_m2c": [-5.65444603926602, -75.23852556334032, 691.9736828310853], "obj_id": 1}],
  "191": [{"cam_R_m2c": [-0.4199623291040978, -0.9039054670883767, -0.08366985377714983, -0.5308318877829652, 0.3190601326960174, -0.7852252926218171, 0.7363116868261446, -0.28528844089715266, -0.6136146490846683], "cam_t_m2c": [-16.556991456939755, -71.17611802344317, 688.2142488911031], "obj_id": 1}],
  "199": [{"cam_R_m2c": [0.1753005940756562, -0.9798713460239302, -0.09653763334271122, -0.5835684037949646, -0.024609418179293113, -0.811890615140758, 0.7931099452206171, 0.1986968968987717, -0.575861400685572], "cam_t_m2c": [-34.14143982600598, -71.34373453030628, 686.723995740066], "obj_id": 1}],
  "200": [{"cam_R_m2c": [0.2566289951157094, -0.9617272546236775, -0.09691747206642565, -0.5763942857167474, -0.07193336797242476, -0.8142101991933801, 0.7760263713501231, 0.26483997658892444, -0.5725129328265499], "cam_t_m2c": [-36.336559342654596, -71.98337512796357, 687.696534389202], "obj_id": 1}],
  "206": [{"cam_R_m2c": [0.7147087052051717, -0.6941126207282595, -0.08655723377128571, -0.43649534510082105, -0.34582294788792095, -0.8308336254635427, 0.5467805585992382, 0.631544147544002, -0.5498413501571229], "cam_t_m2c": [-47.272436657380354, -77.42653524020048, 698.0246560269869], "obj_id": 1}],
  "208": [{"cam_R_m2c": [0.8231361998260275, -0.5621290573133828, -0.08104950275870655, -0.36293077978382215, -0.41067745231331404, -0.8366749235195611, 0.4370742072634675, 0.7180451652521924, -0.5417640303232413], "cam_t_m2c": [-50.02282142303875, -79.684084412792, 701.4895632057965], "obj_id": 1}],
  "209": [{"cam_R_m2c": [0.8706439611340422, -0.4859545534651644, -0.07717358059548966, -0.3200901730498214, -0.43997798152847706, -0.839257371376415, 0.3739345005636329, 0.7553154746301162, -0.5383246775254596], "cam_t_m2c": [-50.49322662588372, -81.06368050010849, 703.0634501316073], "obj_id": 1}],
  "210": [{"cam_R_m2c": [0.9082245908091083, -0.41233173696103526, -0.07252177391533696, -0.27731736128647844, -0.4623397956982434, -0.8424470727347046, 0.3138930262075408, 0.7851486248948717, -0.5339716667997532], "cam_t_m2c": [-50.60301055957609, -82.45992950294823, 704.7450263307372], "obj_id": 1}],
  "211": [{"cam_R_m2c": [0.9461150159603589, -0.31698953189342205, -0.06754614665985129, -0.22353985172001375, -0.486687435831481, -0.8447065939970012, 0.2349511358581198, 0.8141786651614834, -0.5310465811915444], "cam_t_m2c": [-51.36343851203526, -84.11831690454156, 706.858313596147], "obj_id": 1}],
  "225": [{"cam_R_m2c": [0.6189926516441304, 0.7855690962087718, -0.012574252513516276, 0.5443633911135053, -0.44049012871374604, -0.7139467190222417, -0.5664118569071191, 0.43483740260659043, -0.7001601091338396], "cam_t_m2c": [-16.129085504690913, -129.44316174044081, 722.3258916228955], "obj_id": 1}],
  "238": [{"cam_R_m2c": [-0.45945322687111956, 0.8882387329327681, 0.006275248991260992, 0.659114797894344, 0.3456669457801739, -0.6679576697201524, -0.5956307429934868, -0.3029523333212028, -0.7442415620945532], "cam_t_m2c": [10.601267582548985, -126.8613952432072, 717.4178206634201], "obj_id": 1}],
  "242": [{"cam_R_m2c": [-0.7266816232142839, 0.6870280551645566, -0.004554741692136294, 0.5243936333571776, 0.5503038834260277, -0.6498204481860086, -0.44412927391567686, -0.4747547287909831, -0.760141407082215], "cam_t_m2c": [15.175517088324, -122.51776333309522, 713.34756999613], "obj_id": 1}],
  "247": [{"cam_R_m2c": [-0.9493872605371682, 0.31314386777387954, -0.028335897559642543, 0.2598611568104343, 0.7304526852575415, -0.6316445077629387, -0.17731832098252856, -0.6071356215809034, -0.7748060668438336], "cam_t_m2c": [18.21445287170411, -115.02450844362731, 704.9606921996792], "obj_id": 1}],
  "253": [{"cam_R_m2c": [-0.9790520684976534, -0.1956833470082061, -0.059635038761836505, -0.11625918341721296, 0.7721727707750913, -0.6247071088190146, 0.16806719887068933, -0.6047240049892104, -0.7786443285383612], "cam_t_m2c": [16.663092814999402, -105.6641734917298, 695.2405307330589], "obj_id": 1}],
  "254": [{"cam_R_m2c": [-0.9588028888217737, -0.2775344016009649, -0.06394735111998658, -0.17817579166809538, 0.7596693078326178, -0.6254442906988723, 0.22193730538019163, -0.5883120334975047, -0.7777097417268115], "cam_t_m2c": [16.218745097597264, -104.35218645611377, 694.4679435887056], "obj_id": 1}],
  "257": [{"cam_R_m2c": [-0.8230049021683891, -0.5624000394102334, -0.08276238555934436, -0.3952291457582761, 0.6706046015298319, -0.6277960339876315, 0.40836574064145315, -0.48397262845570527, -0.7740315228499], "cam_t_m2c": [11.892519924730465, -99.26432473464905, 691.2476260844794], "obj_id": 1}],
  "259": [{"cam_R_m2c": [-0.6906380371857771, -0.7173369297142711, -0.09449859481974747, -0.5148551513483453, 0.578805145836211, -0.6324463145953491, 0.5081819995311179, -0.38813176903679664, -0.7688848286196748], "cam_t_m2c": [8.509968290511395, -97.04853613000859, 690.2704205074341], "obj_id": 1}],
  "264": [{"cam_R_m2c": [-0.24772912410419912, -0.9614169644680243, -0.12113283332171572, -0.7141594049546296, 0.26540013049271316, -0.6478984278967987, 0.6549139639382516, -0.07398722404069268, -0.7521014544020929], "cam_t_m2c": [-4.382444065402751, -93.26731010424362, 687.9519140900695], "obj_id": 1}],
  "266": [{"cam_R_m2c": [-0.07095762695575437, -0.9900159972482395, -0.12300488354581164, -0.7372868264295411, 0.13487793174972038, -0.6622041086267614, 0.6720705584157701, 0.043704172268718006, -0.7392278283768421], "cam_t_m2c": [-10.366416111698697, -93.05827020926176, 685.9447251152449], "obj_id": 1}],
  "267": [{"cam_R_m2c": [0.013363530431310205, -0.992195988511416, -0.12503170525672483, -0.7439671040091766, 0.07347246380277046, -0.6644119740590159, 0.6683113301989269, 0.10189572124159364, -0.7369030441134259], "cam_t_m2c": [-13.486135535350627, -93.9509853231068, 685.9667484937735], "obj_id": 1}],
  "270": [{"cam_R_m2c": [0.0954782752330371, -0.9875165824111047, -0.126207280180226, -0.7423071968724498, 0.013659226871037246, -0.6701862604491334, 0.6634527725231243, 0.15766525536535847, -0.7314535966626973], "cam_t_m2c": [-15.337294495246681, -93.90821466142398, 687.3846954242197], "obj_id": 1}],
  "289": [{"cam_R_m2c": [0.9658024356007672, 0.26002447198066103, 0.0019374863678519828, 0.19961017375423534, -0.7374520584163639, -0.6454119574718595, -0.1663947327094, 0.623526733669597, -0.7638991300441862], "cam_t_m2c": [-44.78202432014268, -89.39966946933976, 718.5790238006765], "obj_id": 1}],
  "290": [{"cam_R_m2c": [0.9342421731122054, 0.3570899464469125, 0.00986061719388458, 0.27867002302578675, -0.7118467704588893, -0.6448394643999144, -0.2232495942305888, 0.604975006061561, -0.7643213621048442], "cam_t_m2c": [-43.05125516674127, -91.20805626622399, 720.1381870257769], "obj_id": 1}],
  "297": [{"cam_R_m2c": [0.6011325405703066, 0.7981433061736876, 0.045343542103254385, 0.6375121303858262, -0.44446814241173915, -0.6293665468851166, -0.48220699475924256, 0.40700024849229804, -0.7758504970113196], "cam_t_m2c": [-30.846049394159568, -98.27244254053483, 727.2222179045509], "obj_id": 1}],
  "298": [{"cam_R_m2c": [0.5586621523904826, 0.8282396332348556, 0.04854341039747616, 0.6622441383700322, -0.40998452047435496, -0.6272296431839273, -0.49963482711608787, 0.38231634434170175, -0.7773858654883535], "cam_t_m2c": [-29.141358430147974, -98.47328157346408, 727.7257952919881], "obj_id": 1}],
  "302": [{"cam_R_m2c": [0.25331963544553293, 0.9657796340849615, 0.05869776958516673, 0.7731727115432344, -0.16555057446987337, -0.6122651732608045, -0.5816689724029865, 0.20024107801666483, -0.7885354199246684], "cam_t_m2c": [-21.215860387950045, -99.54222133260464, 728.4300558342703], "obj_id": 1}],
  "306": [{"cam_R_m2c": [-0.11791770123533742, 0.990773678972919, 0.06836606001080484, 0.7940036481764414, 0.1354644577412507, -0.5927172716474064, -0.5966232755530885, -0.015836145693345592, -0.8025674608971678], "cam_t_m2c": [-12.707383302038181, -99.25277457248768, 724.0711995131998], "obj_id": 1}],
  "308": [{"cam_R_m2c": [-0.19527732470288967, 0.9785738175248843, 0.06666484335646668, 0.7835949928993344, 0.1965882155655851, -0.5894452985404799, -0.590043523886941, -0.06308935374026566, -0.8051162805213339], "cam_t_m2c": [-11.157249983275676, -98.34629604061973, 723.8878823176458], "obj_id": 1}],
  "311": [{"cam_R_m2c": [-0.42805880345528974, 0.9017047126921378, 0.06174706390453883, 0.7174087683645716, 0.3805747043195356, -0.583624653901988, -0.5499053981309128, -0.20573124395260756, -0.8097355932880876], "cam_t_m2c": [-5.8546853658482405, -94.8573359298208, 724.2332156161096], "obj_id": 1}],
  "312": [{"cam_R_m2c": [-0.5044293860528261, 0.8613621660356461, 0.06091126501590501, 0.684561729712139, 0.44192161975190813, -0.5798400702428356, -0.5265281023659862, -0.25098668974773586, -0.8125131164356136], "cam_t_m2c": [-3.831605042061369, -93.9010333260241, 723.5044986067905], "obj_id": 1}],
  "315": [{"cam_R_m2c": [-0.7622493068720407, 0.6454474147606392, 0.04972532023814865, 0.5150224233566412, 0.6511238397494391, -0.5576058233016983, -0.39247119813689374, -0.39958649746451036, -0.828676854309484], "cam_t_m2c": [0.3126845851713824, -88.40717611561126, 719.7205965377619], "obj_id": 1}],
  "317": [{"cam_R_m2c": [-0.8729300427337436, 0.4863867147749091, 0.03942195192870593, 0.3879764229521445, 0.7406461782320174, -0.5486685392754992, -0.2962652503629634, -0.46379426448245265, -0.8351712378858358], "cam_t_m2c": [2.3107203880296083, -84.78975130160353, 716.5533177148561], "obj_id": 1}],
  "322": [{"cam_R_m2c": [-0.9973600382973586, 0.07337662587754958, 0.012830165615878558, 0.055150206561681674, 0.8423370598770102, -0.5361833735057879, -0.05037063498051584, -0.5341516165414057, -0.84406457742839], "cam_t_m2c": [2.787907272669372, -76.0031234500405, 708.7725007974059], "obj_id": 1}],
  "331": [{"cam_R_m2c": [-0.7578571905613221, -0.6518925890278469, -0.03396091032507646, -0.5335907354755658, 0.6484373904814303, -0.5430296828624306, 0.37581787504763287, -0.3934449267203811, -0.8390873663273498], "cam_t_m2c": [-5.9907655673058, -62.54174157387547, 700.0306205511298], "obj_id": 1}],
  "339": [{"cam_R_m2c": [-0.17016431360992273, -0.983491942315216, -0.06407011312679467, -0.7972982542506012, 0.17534034654606015, -0.5778092784577114, 0.5793663165594712, -0.04725677440204396, -0.8137160053346288], "cam_t_m2c": [-23.568511065712926, -58.67744286215492, 697.3955582879639], "obj_id": 1}],
  "340": [{"cam_R_m2c": [-0.07625221345208208, -0.9950892687002038, -0.06530641999112426, -0.8072001686029423, 0.0998105816844775, -0.582061349342175, 0.5855929739128687, 0.008311365053213591, -0.8105812165133177], "cam_t_m2c": [-25.42248113490689, -59.31350435985286, 697.7383352044965], "obj_id": 1}],
  "341": [{"cam_R_m2c": [0.020485145440357906, -0.9976331713173668, -0.06748679490209993, -0.8102604360742932, 0.022766152771618305, -0.585940681622648, 0.5859727292115869, 0.06665993983650512, -0.8076021837469171], "cam_t_m2c": [-28.685564002552326, -58.21852681195293, 697.1628671984147], "obj_id": 1}],
  "347": [{"cam_R_m2c": [0.514914192126927, -0.8546456541679708, -0.06743339619950255, -0.699346530049959, -0.37331941915584926, -0.6099644105798587, 0.49606810142259655, 0.3611747575734397, -0.7896191564297447], "cam_t_m2c": [-41.09620360525628, -63.946803753509556, 701.5062596580403], "obj_id": 1}],
  "355": [{"cam_R_m2c": [0.9486220510292884, -0.3140735720538658, -0.04072718130381938, -0.26702693418960716, -0.723323453215523, -0.6371384564124913, 0.17064137844468194, 0.6151381010365706, -0.7697389289028961], "cam_t_m2c": [-49.166590220241005, -77.549067952261, 711.4374557441317], "obj_id": 1}],
  "358": [{"cam_R_m2c": [0.9979348464986725, -0.06287740863748126, -0.021201012100849927, -0.061994008927467995, -0.7634177910821173, -0.6432016911068614, 0.024257348149520404, 0.6430191879886425, -0.7654700007059962], "cam_t_m2c": [-47.78149031652606, -83.06782728461695, 714.1047313879324], "obj_id": 1}],
  "373": [{"cam_R_m2c": [0.33655818301437596, 0.938931152664212, 0.07429159126539571, 0.783324623457551, -0.2352107788036295, -0.5754599717562688, -0.5229119564915113, 0.2516310249257699, -0.8145113630516962], "cam_t_m2c": [-17.62159213137943, -77.32536258029654, 736.9460119291823], "obj_id": 1}],
  "376": [{"cam_R_m2c": [0.06992733123765593, 0.9944758083722935, 0.0800748419569199, 0.8270096966753059, -0.012814303293399816, -0.5621315603509682, -0.5580956800674264, 0.10529698851235812, -0.8232243783239785], "cam_t_m2c": [-11.27726525919337, -76.7175321530791, 736.1667842621791], "obj_id": 1}],
  "380": [{"cam_R_m2c": [-0.28471047532946464, 0.9552103718575584, 0.08168282957534882, 0.7900229019663042, 0.28210154159665346, -0.5444502657546171, -0.5432396845572537, -0.09069548372348643, -0.8348676589152879], "cam_t_m2c": [-3.421353323015637, -74.65706739387088, 732.9906461339425], "obj_id": 1}],
  "392": [{"cam_R_m2c": [-0.971238302237302, 0.23528404463555494, 0.03935991073736891, 0.1855521631259651, 0.8484959967667169, -0.49571053649269325, -0.150240937738773, -0.47426765631009155, -0.86765436590803], "cam_t_m2c": [8.526045250866446, -56.36944001991526, 721.7210194699462], "obj_id": 1}],
  "395": [{"cam_R_m2c": [-0.9996824013598135, -0.017972804819785373, 0.02482624986642527, -0.02777504106825248, 0.8707617207528597, -0.49098844792916957, -0.013010325076435134, -0.49161466320222236, -0.87087094058846], "cam_t_m2c": [8.318930855092844, -50.94959568466203, 717.4653375564145], "obj_id": 1}],
  "400": [{"cam_R_m2c": [-0.8956050279948852, -0.44533232391627564, -0.0021942066317892236, -0.38584976795728243, 0.7783506521978409, -0.4953130869826984, 0.22207522987483627, -0.4428129213604859, -0.8687706089487213], "cam_t_m2c": [4.13524130647761, -42.656343527542504, 712.1558757177181], "obj_id": 1}],
  "409": [{"cam_R_m2c": [-0.32445056430494185, -0.9450477069844601, -0.04453963347589496, -0.7970353226604006, 0.2981483722783864, -0.5254311671277344, 0.5096785746136215, -0.13500427463586928, -0.8497296175810718], "cam_t_m2c": [-14.080696219553118, -35.43125585064445, 708.5306460557483], "obj_id": 1}],
  "412": [{"cam_R_m2c": [-0.06805311701755935, -0.9964569428755097, -0.05212615791364496, -0.8432763891772271, 0.08512833293704347, -0.5310180118140368, 0.5334411978949105, 0.007784299906633422, -0.8458161407908085], "cam_t_m2c": [-19.538365157973317, -34.41790704968571, 707.869611788938], "obj_id": 1}],
  "414": [{"cam_R_m2c": [0.10490742525720241, -0.9931196440129151, -0.05403455915565215, -0.8347016373511646, -0.0585789127617273, -0.5479504248919872, 0.5409004838320226, 0.10254648191891473, -0.8348250660768205], "cam_t_m2c": [-26.03050622775288, -35.9658682479984, 707.82122692891], "obj_id": 1}],
  "420": [{"cam_R_m2c": [0.5925606161342932, -0.8041721631646142, -0.04766302173688086, -0.6754207538396532, -0.4637316111879278, -0.573838965666382, 0.43929998965974915, 0.37214773432425097, -0.8176425683691019], "cam_t_m2c": [-36.301431180054465, -42.59259308008285, 712.52538254324], "obj_id": 1}],
  "422": [{"cam_R_m2c": [0.7171039220705143, -0.6956080206543063, -0.0445482593852778, -0.5866268218810835, -0.5676989411109179, -0.5780321234825508, 0.37674477790751476, 0.4405464975383074, -0.8148598681188859], "cam_t_m2c": [-39.88917156279126, -45.14564507772053, 714.5228104458236], "obj_id": 1}],
  "424": [{"cam_R_m2c": [0.8307615046531457, -0.5554779210283328, -0.03736165303824917, -0.4680833335434958, -0.6603520413369718, -0.5876628268851207, 0.3017265686281562, 0.5055822455870097, -0.8083061255196448], "cam_t_m2c": [-41.92971006809489, -48.825133061899564, 717.1208027101347], "obj_id": 1}],
  "426": [{"cam_R_m2c": [0.9204059109149572, -0.3901348238550553, -0.028466289408421646, -0.3295491898465241, -0.7336666975488584, -0.5946453885294435, 0.21108292750568558, 0.5565624899106978, -0.8035476110284651], "cam_t_m2c": [-43.16626712424318, -53.12272754245484, 719.630961428156], "obj_id": 1}],
  "432": [{"cam_R_m2c": [0.9949710825233781, 0.10171110622476132, 0.005472807517017551, 0.08998831696366676, -0.8550326567799009, -0.5109928974929, -0.04733131197623269, 0.5087316620021087, -0.8596269349276103], "cam_t_m2c": [-37.48569091475662, 22.82538863708419, 714.2008353448556], "obj_id": 1}],
  "436": [{"cam_R_m2c": [0.9047914481565077, 0.42520931176361026, 0.03148374698227299, 0.3802040749614846, -0.7716661994687581, -0.5100434211554589, -0.19262148439941398, 0.47324646681277327, -0.8596317756528727], "cam_t_m2c": [-32.214611928141835, 16.04374406309148, 717.8696975485827], "obj_id": 1}],
  "438": [{"cam_R_m2c": [0.8174543198396599, 0.5748286493317124, 0.04250765776381696, 0.5129100123781937, -0.6920448798224421, -0.508054557198674, -0.2626737631107163, 0.43689791375180426, -0.8603348012345612], "cam_t_m2c": [-29.11576077189838, 13.17918241570817, 719.885988912334], "obj_id": 1}],
  "443": [{"cam_R_m2c": [0.5094843678978146, 0.8583169822189918, 0.06443264821661147, 0.7659555914849582, -0.41796867417763217, -0.4885651083579257, -0.3924837241151219, 0.29804023175093575, -0.8702039256514478], "cam_t_m2c": [-19.362766851790497, 9.240958589653246, 723.3467871350385], "obj_id": 1}],
  "447": [{"cam_R_m2c": [0.17370076860278993, 0.9820709916487713, 0.0754120262462976, 0.8701474172848236, -0.11704785218384166, -0.4788088390170393, -0.46149446351454637, 0.14856052172550646, -0.8747327072905413], "cam_t_m2c": [-11.92520339823966, 7.917256655276788, 723.9110787356902], "obj_id": 1}],
  "449": [{"cam_R_m2c": [0.012817351930915278, 0.9971023754155662, 0.07670585722671348, 0.8899001951263833, 0.02372070115531141, -0.45569910213891635, -0.4563103321282506, 0.0738784521560852, -0.8868803374786786], "cam_t_m2c": [-6.23682455159917, 9.85925725577431, 722.6981334054815], "obj_id": 1}],
  "452": [{"cam_R_m2c": [-0.2616904864930346, 0.9616116134369502, 0.08359166428428878, 0.8398979820202152, 0.26961772403229756, -0.4712287835589014, -0.4758101368976885, -0.05332161962765593, -0.8780991332024352], "cam_t_m2c": [4.874797551153506, 8.511041657765247, 721.7998191483699], "obj_id": 1}],
  "455": [{"cam_R_m2c": [-0.5031653749974825, 0.8608774332443564, 0.07629308764292422, 0.7575152721518098, 0.4818524887889488, -0.44068534925989516, -0.41629430380061744, -0.16414065445781253, -0.8944707994990887], "cam_t_m2c": [5.668211931402311, 14.091557563759125, 720.1586788936265], "obj_id": 1}],
  "458": [{"cam_R_m2c": [-0.7045671342615024, 0.706474849804733, 0.06760795679918322, 0.6233426478914006, 0.6615510439659292, -0.4171543525909164, -0.33960990376943745, -0.25194709141283267, -0.90637389759293], "cam_t_m2c": [8.260303596376843, 19.20027852811075, 718.1902653209964], "obj_id": 1}],
  "463": [{"cam_R_m2c": [-0.9432631545051056, 0.32962355624281553, 0.0422162275410761, 0.2869865885459869, 0.8718078820352032, -0.39718733862277683, -0.16792535138815487, -0.3626750163736865, -0.9168218453761895], "cam_t_m2c": [11.293176771836215, 28.6168271116224, 712.887334790979], "obj_id": 1}],
  "467": [{"cam_R_m2c": [-0.9998789339494331, -0.0007340332884310137, 0.02324538161732134, -0.009643835869929507, 0.9207959395544766, -0.39005632456016776, -0.02132425821956765, -0.39034368059842217, -0.9205530892844205], "cam_t_m2c": [11.384113163924212, 36.13159414468055, 708.015496275766], "obj_id": 1}],
  "470": [{"cam_R_m2c": [-0.9680016900504214, -0.25160984679445203, 0.007089174122289234, -0.23422361945134837, 0.8903230958579295, -0.3905493135378823, 0.09174820845277573, -0.3798040623663429, -0.9206102093025053], "cam_t_m2c": [9.428390874811782, 41.534817878486706, 705.128058317015], "obj_id": 1}],
  "472": [{"cam_R_m2c": [-0.9022051640914215, -0.43178572034617774, -0.0044075077413027654, -0.3950628424064839, 0.8295004601107294, -0.3948531618910495, 0.1739453177813187, -0.35457578332415063, -0.9187893597882231], "cam_t_m2c": [7.129680609186266, 45.08111403420651, 703.6124110848765], "obj_id": 1}],
  "473": [{"cam_R_m2c": [-0.8660522855200451, -0.5003099575643053, -0.009428348459700201, -0.4559980040073643, 0.7967671957443114, -0.3965908061687999, 0.20573016966223726, -0.3392431710497187, -0.9180028165050433], "cam_t_m2c": [5.820675895278072, 46.37889743449978, 703.2431340889233], "obj_id": 1}],
  "475": [{"cam_R_m2c": [-0.7700721165763391, -0.6380146543733717, -0.019635004823390027, -0.5787959668674051, 0.7107701126668715, -0.39984243993234597, 0.2688678303518463, -0.29660921258933953, -0.9164292742713621], "cam_t_m2c": [2.5417291264436273, 49.001003474844424, 702.3257275169642], "obj_id": 1}],
  "478": [{"cam_R_m2c": [-0.5771120904109209, -0.8161620207918666, -0.03551166845814589, -0.7365776133008526, 0.5384483915397764, -0.4094619743285942, 0.3531297653044133, -0.21020655115057155, -0.9116918353293921], "cam_t_m2c": [-3.4832331511816648, 51.907000525540866, 701.2629608280947], "obj_id": 1}],
  "486": [{"cam_R_m2c": [0.07194388195222517, -0.9955807483850824, -0.062200912504569786, -0.886437786128421, -0.03542000117018829, -0.4619241301694068, 0.4575564151971777, 0.08830834123149471, -0.884793370646909], "cam_t_m2c": [-25.587324961695003, 52.01635394846056, 704.5136560165587], "obj_id": 1}],
  "492": [{"cam_R_m2c": [0.5726770716732408, -0.8183003042489961, -0.05020109511103534, -0.7324335891829499, -0.48318739143956224, -0.48022343033406595, 0.3686295775903379, 0.31168652228826554, -0.8757668375237047], "cam_t_m2c": [-32.152494832833554, 45.458630910090875, 703.2417493118439], "obj_id": 1}],
  "497": [{"cam_R_m2c": [0.8676793659893617, -0.49606748227584596, -0.03436052391521162, -0.4456431542492535, -0.7447885351816618, -0.497197073399792, 0.2209986508648892, 0.4465881352237038, -0.867015931223246], "cam_t_m2c": [-38.21882113473055, 37.04239150793425, 708.4290975268171], "obj_id": 1}],
  "499": [{"cam_R_m2c": [0.9446164194727348, -0.3274255140907464, -0.025990837044465472, -0.29548362474043155, -0.8119051825534361, -0.5039450027771034, 0.14385737104803054, 0.4835662040242385, -0.8634037742579933], "cam_t_m2c": [-39.495068272262074, 32.84538209463028, 710.2499523597832], "obj_id": 1}],
  "501": [{"cam_R_m2c": [0.9868993829459309, -0.16136194435975684, -0.0153387174755685, -0.14702411865167944, -0.8496997713970722, -0.5067483558009567, 0.06869625442955395, 0.5022016402412213, -0.862016902857408], "cam_t_m2c": [-39.83567945454888, 28.897922658174878, 711.5835070087996], "obj_id": 1}],
  "502": [{"cam_R_m2c": [0.9969845458475455, -0.07882284289199844, -0.009137085582682686, -0.07273057306870682, -0.8581104843726672, -0.5086484997444959, 0.0322137941846678, 0.5076092638284662, -0.8609852158967547], "cam_t_m2c": [-39.11300904105519, 26.860800935018972, 712.3840989463251], "obj_id": 1}],
  "503": [{"cam_R_m2c": [1.0001363805290584, -0.004214040140286744, -0.003540378941560426, -0.005657756688246815, -0.8610998978664219, -0.5087348220628316, -0.0009428156043257014, 0.508648374801512, -0.8609753646142426], "cam_t_m2c": [-38.67254070453896, 25.220198292110297, 713.0748052986169], "obj_id": 1}],
  "506": [{"cam_R_m2c": [0.9652340121239017, 0.2621334626478404, 0.0002615757090415057, 0.2383700553763142, -0.8780780189133387, -0.4151883266900269, -0.10866791521888601, 0.4006231637576816, -0.9097916431908861], "cam_t_m2c": [-55.81392104667816, 3.866065531678771, 677.4460316449506], "obj_id": 1}],
  "509": [{"cam_R_m2c": [0.8629173739844067, 0.5054345528940238, 0.018960346189595505, 0.467309336535022, -0.7826607223061686, -0.4113422339399675, -0.19313536085647587, 0.3636095013653646, -0.911339894440283], "cam_t_m2c": [-51.391966857389775, -1.3989425221946021, 679.9778119780448], "obj_id": 1}],
